4.233,30,126,41
B0,mixamorig_Hips,-1,0.9905105829238892,-0.028792640194296837,0.13438642024993896,0,0.010382799431681633,0.9906914830207825,0.13572947680950165,0,-0.13704310357570648,-0.13304562866687775,0.981589138507843,0,-0.005332529079169035,0.6337431073188782,-0.021601900458335876,1
B1,mixamorig_Spine,0,0.9995877742767334,0.024215105921030045,0.015413101762533188,0,-0.023855578154325485,0.9994481801986694,-0.02311226911842823,0,-0.015964681282639503,0.022735584527254105,0.9996139407157898,0,0,0.13134199380874634,-0.0014560000272467732,1
B2,mixamorig_Spine1,1,0.9998310804367065,0.013448258861899376,0.012520208954811096,0,-0.013221995905041695,0.9997517466545105,-0.01794784516096115,0,-0.012758208438754082,0.017779162153601646,0.9997602105140686,0,0,0.15324200689792633,0,1
B3,mixamorig_Spine2,2,0.9998342990875244,0.013281522318720818,0.012423893436789513,0,-0.013055996038019657,0.9997517466545105,-0.018064161762595177,0,-0.012661104090511799,0.017898475751280785,0.9997599124908447,0,0,0.17513300478458405,0,1
B4,mixamorig_Neck,3,0.9983812570571899,-0.040079228579998016,-0.040356334298849106,0,0.0384829118847847,0.9984748363494873,-0.03958858922123909,0,0.04188127815723419,0.03797084838151932,0.998400866985321,0,0,0.19702500104904175,0,1
B5,mixamorig_Head,4,0.9902858734130859,0.021141858771443367,-0.1374196708202362,0,-0.017871126532554626,0.9995270371437073,0.025000013411045074,0,0.13788415491580963,-0.022302070632576942,0.9901960492134094,0,0,0.1146330013871193,0.015565999783575535,1
B6,mixamorig_HeadTop_End,5,1,0,0,0,0,1,0,0,0,0,1,0,0,0.5667039752006531,0.07695399969816208,1
B7,mixamorig_LeftShoulder,3,0.09828880429267883,0.03592320904135704,-0.9945093393325806,0,0.9149802923202515,-0.3962535262107849,0.07611522078514099,0,-0.3913438618183136,-0.917437732219696,-0.07181601226329803,0,0.10537999868392944,0.1766750067472458,-0.0005869999877177179,1
B8,mixamorig_LeftArm,7,0.6797882318496704,0.5687850117683411,-0.4629995822906494,0,-0.05217624828219414,0.6672067046165466,0.7430418133735657,0,0.7315487861633301,-0.48095306754112244,0.48323798179626465,0,0,0.22423799335956573,0,1
B9,mixamorig_LeftForeArm,8,0.09908447414636612,0.02753983810544014,0.994697630405426,0,-0.4966786503791809,0.8675568699836731,0.025455892086029053,0,-0.8622562289237976,-0.49656715989112854,0.09964004904031754,0,0,0.3324509859085083,0,1
B10,mixamorig_LeftHand,9,0.4674413204193115,0.11740104109048843,-0.8761464953422546,0,-0.06495320051908493,0.9929704070091248,0.09839477390050888,0,0.8816334009170532,0.010929879732429981,0.47177863121032715,0,0,0.2230129987001419,0,1
B11,mixamorig_LeftHandThumb1,10,0.7368299961090088,0.6648269891738892,-0.12282899767160416,0,-0.6699609756469727,0.7423959970474243,-0.0006702631362713873,0,0.09074199944734573,0.0827842652797699,0.9924280047416687,0,-0.05606599897146225,0.04847700148820877,0,1
B12,mixamorig_LeftHandThumb2,11,0.8174179792404175,-0.5735700130462646,-0.05334499850869179,0,0.5703740119934082,0.7929289937019348,0.21433000266551971,0,-0.08063399791717529,-0.20562399923801422,0.9753040075302124,0,-0.010301999747753143,0.0583919994533062,0,1
B13,mixamorig_LeftHandThumb3,12,0.9765740036964417,-0.21283626556396484,0.03168173506855965,0,0.21060700714588165,0.9755939841270447,0.06213799864053726,0,-0.044133733958005905,-0.054010000079870224,0.997564971446991,0,0.0025319999549537897,0.062453001737594604,0,1
B14,mixamorig_LeftHandThumb4,13,1,0,0,0,0,1,0,0,0,0,1,0,0.007770000025629997,0.03752300143241882,0,1
B15,mixamorig_LeftHandIndex1,10,0.9997929930686951,-0.02021673694252968,-0.0024530000519007444,0,0.019223999232053757,0.9766669869422913,-0.21389900147914886,0,0.006719999946653843,0.21380700170993805,0.9768530130386353,0,0,0.10215199738740921,0.0005579999997280538,1
B16,mixamorig_LeftHandIndex2,15,0.9985669851303101,0.051256999373435974,0.015395263209939003,0,-0.05316299945116043,0.9168480038642883,0.3956809937953949,0,0.006165999919176102,-0.39593273401260376,0.9182590246200562,0,-0.0002610000083222985,0.08900599926710129,0,1
B17,mixamorig_LeftHandIndex3,16,0.9997140169143677,-0.02377999946475029,-0.002403999911621213,0,0.023775000125169754,0.9790627360343933,0.20216700434684753,0,-0.002454000059515238,-0.20216600596904755,0.9793480038642883,0,0.0010689999908208847,0.0563259981572628,0,1
B18,mixamorig_LeftHandIndex4,17,1,0,0,0,0,1,0,0,0,0,1,0,-0.0008079999824985862,0.04008200019598007,0,1
B19,mixamorig_RightShoulder,3,0.03215237334370613,-0.02962537109851837,0.9990438222885132,0,-0.935652494430542,-0.35237354040145874,0.01966310851275921,0,0.35145410895347595,-0.9353905320167542,-0.039048321545124054,0,-0.10537999868392944,0.1766670048236847,0.00013499999477062374,1
B20,mixamorig_RightArm,19,0.6664255857467651,-0.6415108442306519,0.3799187242984772,0,0.1288614571094513,0.6010059118270874,0.7887865900993347,0,-0.7343499660491943,-0.47670993208885193,0.4831938147544861,0,0,0.22423799335956573,0,1
B21,mixamorig_RightForeArm,20,0.08039910346269608,-0.018583791330456734,-0.9965897798538208,0,0.4478607177734375,0.8938905000686646,0.01946236938238144,0,0.890479564666748,-0.447897732257843,0.08019105345010757,0,0,0.3324739933013916,0,1
B22,mixamorig_RightHand,21,0.8368296027183533,-0.14284902811050415,0.5284910798072815,0,0.17265667021274567,0.9849531650543213,-0.0071735261008143425,0,-0.5195134282112122,0.09724767506122589,0.8489024639129639,0,0,0.2229360044002533,0,1
B23,mixamorig_RightHandThumb1,22,0.9211840033531189,-0.37460198998451233,0.10532700270414352,0,0.30484500527381897,0.8629482388496399,0.40297573804855347,0,-0.2418469935655594,-0.3391059935092926,0.9091299772262573,0,0.040004998445510864,0.05417799949645996,0,1
B24,mixamorig_RightHandThumb2,23,0.8371400237083435,0.3411889970302582,0.4275360107421875,0,-0.3587779998779297,0.9324929714202881,-0.04165500029921532,0,-0.41288673877716064,-0.11851926147937775,0.9030380249023438,0,0.004428999964147806,0.05369500070810318,0,1
B25,mixamorig_RightHandThumb3,24,0.8727629780769348,0.4427039921283722,0.20566700398921967,0,-0.4251149892807007,0.8963950276374817,-0.12550926208496094,0,-0.23992200195789337,0.02210799977183342,0.9705399870872498,0,-0.009455000050365925,0.06657800078392029,0,1
B26,mixamorig_RightHandThumb4,25,1,0,0,0,0,1,0,0,0,0,1,0,0.005026000086218119,0.04822799935936928,0,1
B27,mixamorig_RightHandIndex1,22,0.9994750022888184,-0.019213000312447548,0.02609799988567829,0,0.02422099933028221,0.9778950214385986,-0.20768800377845764,0,-0.02153100073337555,0.2082110047340393,0.9778469800949097,0,0,0.09225200116634369,-0.00012199999764561653,1
B28,mixamorig_RightHandIndex2,27,0.9994750022888184,0.03148699924349785,0.0076182628981769085,0,-0.031713999807834625,0.903020977973938,0.42842501401901245,0,0.006610000040382147,-0.42844173312187195,0.9035450220108032,0,-0.0006580000044777989,0.06664399802684784,0,1
B29,mixamorig_RightHandIndex3,28,0.9998949766159058,0.013776999898254871,0.004519999958574772,0,-0.014433000236749649,0.9754869937896729,0.21958400309085846,0,-0.001383999944664538,-0.2196262627840042,0.975583016872406,0,0.0002770000137388706,0.08127299696207047,0,1
B30,mixamorig_RightHandIndex4,29,1,0,0,0,0,1,0,0,0,0,1,0,0.0003809999907389283,0.04447000101208687,0,1
B31,mixamorig_LeftUpLeg,0,-0.927620530128479,-0.16648980975151062,0.3343665599822998,0,0.2419457584619522,-0.9498121738433838,0.198287233710289,0,0.28457221388816833,0.26483389735221863,0.9213475584983826,0,0.12127099931240082,-0.07283499836921692,0.01776999980211258,1
B32,mixamorig_LeftLeg,31,0.9963005185127258,0.03984295204281807,0.07614163309335709,0,-0.012626264244318008,0.9442800283432007,-0.328899621963501,0,-0.08500316739082336,0.32672131061553955,0.9412901997566223,0,0,0.25009599328041077,0,1
B33,mixamorig_LeftFoot,32,0.9877409934997559,-0.1556616872549057,-0.011684296652674675,0,0.10697076469659805,0.62046217918396,0.7769066095352173,0,-0.11368429660797119,-0.7686328887939453,0.6295069456100464,0,0,0.224481001496315,0,1
B34,mixamorig_LeftToeBase,33,0.9982962608337402,0.000043000000005122274,0.05835210531949997,0,-0.04466315731406212,0.6441132426261902,0.7636250257492065,0,-0.03755268454551697,-0.7649304866790771,0.6430172324180603,0,0,0.11962199956178665,0,1
B35,mixamorig_LeftToe_End,34,1,0,0,0,0,1,0,0,0,0,1,0,0,0.05159600079059601,0,1
B36,mixamorig_RightUpLeg,0,-0.9851507544517517,0.046143870800733566,-0.16537511348724365,0,-0.08259155601263046,-0.9718045592308044,0.22084689140319824,0,-0.15052086114883423,0.23122593760490417,0.9611859321594238,0,-0.12127099931240082,-0.07283499836921692,0.02559399977326393,1
B37,mixamorig_RightLeg,36,0.9882976412773132,-0.07171741127967834,-0.13462795317173004,0,0.02160462737083435,0.9394959807395935,-0.34187623858451843,0,0.15100079774856567,0.3349666893482208,0.9300516247749329,0,0,0.250203013420105,0,1
B38,mixamorig_RightFoot,37,0.991539716720581,0.10534390807151794,-0.07582700252532959,0,-0.0008336635655723512,0.58935546875,0.8078732490539551,0,0.12979324162006378,-0.800975501537323,0.5844579339027405,0,0,0.22449199855327606,0,1
B39,mixamorig_RightToeBase,38,0.9980071187019348,0.007634221576154232,-0.06263232231140137,0,0.041148629039525986,0.6737582087516785,0.737804651260376,0,0.04783138632774353,-0.738911509513855,0.6721019148826599,0,0,0.12299100309610367,0,1
B40,mixamorig_RightToe_End,39,1,0,0,0,0,1,0,0,0,0,1,0,0,0.051701001822948456,0,1
@34,0,1,2,3,4,5,7,8,9,10,11,12,13,15,16,17,19,20,21,22,23,24,25,27,28,29,31,32,33,34,36,37,38,39
K0.000,0.9935299754142761,-0.025567999109625816,0.1106560006737709,0,0.007697999943047762,0.9872480034828186,0.15900200605392456,0,-0.11331100016832352,-0.15712100267410278,0.9810569882392883,0,0.004155000206083059,0.635886013507843,-0.03847400099039078,1,0.9996690154075623,0.007716000080108643,0.024560000747442245,0,-0.0072130002081394196,0.9997640252113342,-0.02049200050532818,0,-0.02471200004220009,0.0203079991042614,0.9994879961013794,0,0,0.13134199380874634,-0.0014560000272467732,1,0.9998059868812561,0.005394999869167805,0.018926000222563744,0,-0.0051009999588131905,0.9998660087585449,-0.015561000443994999,0,-0.019007999449968338,0.015461999922990799,0.9997000098228455,0,0,0.15324200689792633,0,1,0.999809980392456,0.0056489999406039715,0.01863900013267994,0,-0.005359000060707331,0.9998639822006226,-0.01558700017631054,0,-0.018725000321865082,0.015483999624848366,0.9997050166130066,0,0,0.17513300478458405,0,1,0.9990450143814087,-0.02604600042104721,-0.035089001059532166,0,0.025129999965429306,0.9993379712104797,-0.026316000148653984,0,0.03575100004673004,0.025408999994397163,0.9990379810333252,0,0,0.19702500104904175,0,1,0.991038978099823,-0.018813999369740486,-0.1322380006313324,0,0.0216279998421669,0.9995689988136292,0.019874000921845436,0,0.13180699944496155,-0.02255599945783615,0.9910190105438232,0,0,0.1146330013871193,0.015565999783575535,1,0.08927199989557266,0.034967999905347824,-0.9953929781913757,0,0.9266589879989624,-0.36930200457572937,0.0701339989900589,0,-0.36514800786972046,-0.928650975227356,-0.06537199765443802,0,0.10537999868392944,0.1766750067472458,-0.0005869999877177179,1,0.6397240161895752,0.6128090023994446,-0.46391600370407104,0,-0.08729200065135956,0.6576039791107178,0.7482889890670776,0,0.7636309862136841,-0.43820300698280334,0.4741789996623993,0,0,0.22423799335956573,0,1,0.09855999797582626,0.028436999768018723,0.9947249889373779,0,-0.5128600001335144,0.8580690026283264,0.026285000145435333,0,-0.8527950048446655,-0.5127459764480591,0.0991550013422966,0,0,0.3324509859085083,0,1,0.4458580017089844,0.010610999539494514,-0.8950409889221191,0,0.03917200118303299,0.998740017414093,0.03135399892926216,0,0.894245982170105,-0.04904000088572502,0.44488099217414856,0,0,0.2230129987001419,0,1,0.7368299961090088,0.664825975894928,-0.12282899767160416,0,-0.6699600219726562,0.7423959970474243,-0.0006709999870508909,0,0.09074199944734573,0.08278500288724899,0.9924280047416687,0,-0.05606599897146225,0.04847700148820877,0,1,0.8174179792404175,-0.5735700130462646,-0.05334499850869179,0,0.5703740119934082,0.7929289937019348,0.21433000266551971,0,-0.08063399791717529,-0.20562399923801422,0.9753040075302124,0,-0.010301999747753143,0.0583919994533062,0,1,0.9765740036964417,-0.21283599734306335,0.03168199956417084,0,0.21060700714588165,0.9755939841270447,0.06213799864053726,0,-0.044133998453617096,-0.054010000079870224,0.997564971446991,0,0.0025319999549537897,0.062453001737594604,0,1,0.9997929930686951,-0.020215999335050583,-0.0024530000519007444,0,0.019223999232053757,0.9766669869422913,-0.21389900147914886,0,0.006719999946653843,0.21380700170993805,0.9768530130386353,0,0,0.10215199738740921,0.0005579999997280538,1,0.9985669851303101,0.051256999373435974,0.015395999886095524,0,-0.05316299945116043,0.9168480038642883,0.3956809937953949,0,0.006165999919176102,-0.39593300223350525,0.9182590246200562,0,-0.0002610000083222985,0.08900599926710129,0,1,0.9997140169143677,-0.02377999946475029,-0.002403999911621213,0,0.023775000125169754,0.9790629744529724,0.20216700434684753,0,-0.002454000059515238,-0.20216600596904755,0.9793480038642883,0,0.0010689999908208847,0.0563259981572628,0,1,0.03378299996256828,-0.030636999756097794,0.9989590048789978,0,-0.9257519841194153,-0.3776170015335083,0.019726000726222992,0,0.37661999464035034,-0.9254549741744995,-0.041120000183582306,0,-0.10537999868392944,0.1766670048236847,0.00013499999477062374,1,0.7070479989051819,-0.6130769848823547,0.35245001316070557,0,0.14586199820041656,0.614113986492157,0.7756209969520569,0,-0.6919599771499634,-0.49699199199676514,0.5236330032348633,0,0,0.22423799335956573,0,1,0.08087100088596344,-0.017611000686883926,-0.9965689778327942,0,0.42441800236701965,0.9052789807319641,0.018442999571561813,0,0.9018480181694031,-0.4244529902935028,0.08068499714136124,0,0,0.3324739933013916,0,1,0.7933099865913391,-0.20294000208377838,0.5739989876747131,0,0.298662006855011,0.9512929916381836,-0.07643900066614151,0,-0.5305290222167969,0.23207099735736847,0.8152809739112854,0,0,0.2229360044002533,0,1,0.9211840033531189,-0.37460198998451233,0.10532700270414352,0,0.30484500527381897,0.8629480004310608,0.40297600626945496,0,-0.2418469935655594,-0.3391059935092926,0.9091299772262573,0,0.040004998445510864,0.05417799949645996,0,1,0.8371400237083435,0.3411889970302582,0.4275360107421875,0,-0.3587779998779297,0.9324929714202881,-0.04165500029921532,0,-0.41288700699806213,-0.11851900070905685,0.9030380249023438,0,0.004428999964147806,0.05369500070810318,0,1,0.8727629780769348,0.4427039921283722,0.20566700398921967,0,-0.4251149892807007,0.8963950276374817,-0.12551000714302063,0,-0.23992200195789337,0.02210799977183342,0.9705399870872498,0,-0.009455000050365925,0.06657800078392029,0,1,0.9994750022888184,-0.019213000312447548,0.02609799988567829,0,0.02422099933028221,0.9778950214385986,-0.20768700540065765,0,-0.02153100073337555,0.20821000635623932,0.9778469800949097,0,0,0.09225200116634369,-0.00012199999764561653,1,0.9994750022888184,0.03148699924349785,0.00761799979954958,0,-0.031713999807834625,0.903020977973938,0.42842501401901245,0,0.006610000040382147,-0.42844098806381226,0.9035450220108032,0,-0.0006580000044777989,0.06664399802684784,0,1,0.9998949766159058,0.013776999898254871,0.004521000199019909,0,-0.014433000236749649,0.9754869937896729,0.21958400309085846,0,-0.0013849999522790313,-0.21962599456310272,0.975583016872406,0,0.0002770000137388706,0.08127299696207047,0,1,-0.9367300271987915,-0.1240520030260086,0.327335000038147,0,0.22069700062274933,-0.9351289868354797,0.27717599272727966,0,0.27171701192855835,0.33188098669052124,0.9033409953117371,0,0.12127099931240082,-0.07283499836921692,0.01776999980211258,1,0.9958289861679077,0.0410350002348423,0.08149299770593643,0,-0.010982000268995762,0.9405699968338013,-0.33942198753356934,0,-0.09057799726724625,0.3371109962463379,0.9370970129966736,0,0,0.25009599328041077,0,1,0.9928690195083618,-0.11903899908065796,-0.006399000063538551,0,0.08275900036096573,0.6496379971504211,0.7557259798049927,0,-0.08580400049686432,-0.7508659958839417,0.6548569798469543,0,0,0.224481001496315,0,1,0.9983189702033997,0.000015999999959603883,0.057962000370025635,0,-0.0437140017747879,0.6568760275840759,0.7527300119400024,0,-0.038061998784542084,-0.7539989948272705,0.6557719707489014,0,0,0.11962199956178665,0,1,-0.9762089848518372,0.04232500120997429,-0.21265999972820282,0,-0.09443999826908112,-0.9658460021018982,0.2412949949502945,0,-0.19518400728702545,0.2556380033493042,0.9468640089035034,0,-0.12127099931240082,-0.07283499836921692,0.02559399977326393,1,0.9872130155563354,-0.07910499721765518,-0.13839200139045715,0,0.03918199986219406,0.9619629979133606,-0.2703559994697571,0,0.15451499819755554,0.2614760100841522,0.9527620077133179,0,0,0.250203013420105,0,1,0.9920390248298645,0.1150830015540123,-0.05113400146365166,0,-0.034522999078035355,0.6390179991722107,0.7684170007705688,0,0.12110699713230133,-0.7605339884757996,0.6379039883613586,0,0,0.22449199855327606,0,1,0.9984599947929382,-0.000015999999959603883,-0.05548299849033356,0,0.040658000856637955,0.6806610226631165,0.7314689755439758,0,0.03775300085544586,-0.7325990200042725,0.6796129941940308,0,0,0.12299100309610367,0,1
K0.033,0.9935389757156372,-0.02768300659954548,0.1100659891963005,0,0.009816009551286697,0.9871219992637634,0.15966999530792236,0,-0.11306899040937424,-0.15755799412727356,0.9810150265693665,0,0.004350001458078623,0.6358510255813599,-0.0382159948348999,1,0.9996849894523621,0.005805980414152145,0.02440299652516842,0,-0.005294980481266975,0.999767005443573,-0.020933004096150398,0,-0.024518994614481926,0.0207970030605793,0.9994829893112183,0,0,0.13134199380874634,-0.0014560000272467732,1,0.9998149871826172,0.004313986748456955,0.01876799575984478,0,-0.0040139867924153805,0.9998639822006226,-0.015967002138495445,0,-0.01883399672806263,0.015888003632426262,0.9996960163116455,0,0,0.15324200689792633,0,1,0.9998180270195007,0.004568987060338259,0.01852099597454071,0,-0.004272987134754658,0.9998630285263062,-0.015987001359462738,0,-0.01859099604189396,0.015905003994703293,0.9997010231018066,0,0,0.17513300478458405,0,1,0.9990509748458862,-0.025046976283192635,-0.03564000502228737,0,0.0241449773311615,0.9993829727172852,-0.02552098035812378,0,0.03625800460577011,0.024636980146169662,0.9990389943122864,0,0,0.19702500104904175,0,1,0.9904299974441528,-0.024990106001496315,-0.13573405146598816,0,0.026783090084791183,0.9995759725570679,0.011398863047361374,0,0.13539104163646698,-0.014925878494977951,0.9906799793243408,0,0,0.1146330013871193,0.015565999783575535,1,0.08923499286174774,0.03497600182890892,-0.9953960180282593,0,0.9271119832992554,-0.36815595626831055,0.07017698884010315,0,-0.364005982875824,-0.9291059970855713,-0.06527899205684662,0,0.10537999868392944,0.1766750067472458,-0.0005869999877177179,1,0.6428859829902649,0.6105920076370239,-0.4624660015106201,0,-0.08695100247859955,0.6580439805984497,0.7479419708251953,0,0.7610099911689758,-0.4406299889087677,0.47613900899887085,0,0,0.22423799335956573,0,1,0.09855599701404572,0.028442999348044395,0.9947249889373779,0,-0.512965977191925,0.8580060005187988,0.026290999725461006,0,-0.8527320027351379,-0.5128509998321533,0.09915199875831604,0,0,0.3324509859085083,0,1,0.4451110064983368,0.0013529369607567787,-0.8954740166664124,0,0.04415205121040344,0.9987490177154541,0.02345595508813858,0,0.8943859934806824,-0.049977026879787445,0.44449499249458313,0,0,0.2230129987001419,0,1,0.7368299961090088,0.664825975894928,-0.12282899767160416,0,-0.6699600219726562,0.7423959970474243,-0.0006709999870508909,0,0.09074199944734573,0.08278500288724899,0.9924280047416687,0,-0.05606599897146225,0.04847700148820877,0,1,0.8174170255661011,-0.5735700130462646,-0.05334499850869179,0,0.5703740119934082,0.7929289937019348,0.21433000266551971,0,-0.08063399791717529,-0.20562399923801422,0.9753040075302124,0,-0.010301999747753143,0.0583919994533062,0,1,0.9765740036964417,-0.21283599734306335,0.03168199956417084,0,0.21060700714588165,0.9755939841270447,0.06213799864053726,0,-0.044133998453617096,-0.054010000079870224,0.997564971446991,0,0.0025319999549537897,0.062453001737594604,0,1,0.9997929930686951,-0.020215999335050583,-0.0024530000519007444,0,0.019223999232053757,0.9766669869422913,-0.21389900147914886,0,0.006719999946653843,0.21380700170993805,0.9768530130386353,0,0,0.10215199738740921,0.0005579999997280538,1,0.9985669851303101,0.051256999373435974,0.015395999886095524,0,-0.05316299945116043,0.9168480038642883,0.3956809937953949,0,0.006165999919176102,-0.39593300223350525,0.9182590246200562,0,-0.0002610000083222985,0.08900599926710129,0,1,0.9997140169143677,-0.02377999946475029,-0.002403999911621213,0,0.023775000125169754,0.9790629744529724,0.20216700434684753,0,-0.002454000059515238,-0.20216600596904755,0.9793480038642883,0,0.0010689999908208847,0.0563259981572628,0,1,0.03398900479078293,-0.030757002532482147,0.9989489912986755,0,-0.9245749711990356,-0.3804870545864105,0.01974399946630001,0,0.3794800639152527,-0.9242749810218811,-0.0413690023124218,0,-0.10537999868392944,0.1766670048236847,0.00013499999477062374,1,0.7037950158119202,-0.6150439977645874,0.3555200397968292,0,0.14607398211956024,0.615043044090271,0.7748450040817261,0,-0.6952229738235474,-0.4933989644050598,0.5227059721946716,0,0,0.22423799335956573,0,1,0.08083699643611908,-0.017684001475572586,-0.9965699911117554,0,0.4261600375175476,0.9044579863548279,0.018519001081585884,0,0.9010289907455444,-0.42619502544403076,0.08065000176429749,0,0,0.3324739933013916,0,1,0.7932989597320557,-0.19679397344589233,0.5761500597000122,0,0.2944140136241913,0.9523159861564636,-0.0800970196723938,0,-0.5329140424728394,0.23316702246665955,0.8134099245071411,0,0,0.2229360044002533,0,1,0.9211840033531189,-0.3746030032634735,0.10532700270414352,0,0.30484500527381897,0.862949013710022,0.4029749929904938,0,-0.2418469935655594,-0.3391059935092926,0.9091299772262573,0,0.040004998445510864,0.05417799949645996,0,1,0.8371400237083435,0.3411889970302582,0.4275360107421875,0,-0.3587779998779297,0.9324929714202881,-0.04165500029921532,0,-0.41288599371910095,-0.11851900070905685,0.9030380249023438,0,0.004428999964147806,0.05369500070810318,0,1,0.8727629780769348,0.4427039921283722,0.20566700398921967,0,-0.4251149892807007,0.8963950276374817,-0.12550899386405945,0,-0.23992200195789337,0.02210799977183342,0.9705399870872498,0,-0.009455000050365925,0.06657800078392029,0,1,0.9994750022888184,-0.019213000312447548,0.02609799988567829,0,0.02422099933028221,0.9778950214385986,-0.20768800377845764,0,-0.021530000492930412,0.2082110047340393,0.9778469800949097,0,0,0.09225200116634369,-0.00012199999764561653,1,0.9994750022888184,0.03148699924349785,0.00761799979954958,0,-0.031713999807834625,0.9030200242996216,0.42842501401901245,0,0.006610000040382147,-0.42844200134277344,0.9035450220108032,0,-0.0006580000044777989,0.06664399802684784,0,1,0.9998949766159058,0.013776999898254871,0.004519999958574772,0,-0.014433000236749649,0.9754869937896729,0.21958400309085846,0,-0.001383999944664538,-0.21962599456310272,0.975583016872406,0,0.0002770000137388706,0.08127299696207047,0,1,-0.9353809952735901,-0.12532199919223785,0.33069103956222534,0,0.22408200800418854,-0.9334570169448853,0.2800790071487427,0,0.2735850214958191,0.3360830247402191,0.901220977306366,0,0.12127099931240082,-0.07283499836921692,0.01776999980211258,1,0.9958099722862244,0.04218600317835808,0.08113494515419006,0,-0.011594018898904324,0.9383180141448975,-0.34557902812957764,0,-0.09070894867181778,0.3431900441646576,0.934876024723053,0,0,0.25009599328041077,0,1,0.992812991142273,-0.11905600875616074,-0.012161999940872192,0,0.08682999759912491,0.646668016910553,0.7578129768371582,0,-0.08235801011323929,-0.7534229755401611,0.6523579955101013,0,0,0.224481001496315,0,1,0.9983170032501221,0.00001900001007015817,0.05799499899148941,0,-0.04379500076174736,0.6557940244674683,0.7536680102348328,0,-0.038019001483917236,-0.7549390196800232,0.6546909809112549,0,0,0.11962199956178665,0,1,-0.9764260053634644,0.04044400155544281,-0.21203100681304932,0,-0.09170100092887878,-0.966962993144989,0.23784998059272766,0,-0.1954060047864914,0.2516859769821167,0.9478769898414612,0,-0.12127099931240082,-0.07283499836921692,0.02559399977326393,1,0.9871659874916077,-0.07796798646450043,-0.13937200605869293,0,0.03894898667931557,0.9639120101928711,-0.2633569836616516,0,0.1548759937286377,0.25454896688461304,0.9545779824256897,0,0,0.250203013420105,0,1,0.9920169711112976,0.11461800336837769,-0.052581023424863815,0,-0.033513981848955154,0.6416040062904358,0.7663030028343201,0,0.12156801670789719,-0.7584239840507507,0.6403239965438843,0,0,0.22449199855327606,0,1,0.9984580278396606,-0.000018000011550611816,-0.055502999573946,0,0.04070800170302391,0.680001974105835,0.7320799827575684,0,0.03772899881005287,-0.7332109808921814,0.678954005241394,0,0,0.12299100309610367,0,1
K0.067,0.9936220049858093,-0.028464993461966515,0.10910800844430923,0,0.010723990388214588,0.987080991268158,0.15986000001430511,0,-0.11224900931119919,-0.1576710045337677,0.9810910224914551,0,0.004490998573601246,0.635798990726471,-0.037905003875494,1,0.9997050166130066,0.0038520193193107843,0.02396700344979763,0,-0.0033420193940401077,0.9997680187225342,-0.021283995360136032,0,-0.0240430049598217,0.021196996793150902,0.9994860291481018,0,0,0.13134199380874634,-0.0014560000272467732,1,0.9998260140419006,0.00301801273599267,0.018417004495859146,0,-0.002719012787565589,0.9998649954795837,-0.016228998079895973,0,-0.01846400462090969,0.016175996512174606,0.9996989965438843,0,0,0.15324200689792633,0,1,0.9998289942741394,0.00327001279219985,0.01821800321340561,0,-0.002974012866616249,0.9998639822006226,-0.01624699868261814,0,-0.018269004300236702,0.016189996153116226,0.999701976776123,0,0,0.17513300478458405,0,1,0.9990869760513306,-0.022707022726535797,-0.03619099780917168,0,0.02186502143740654,0.9994850158691406,-0.023491021245718002,0,0.036705996841192245,0.022678019478917122,0.9990689754486084,0,0,0.19702500104904175,0,1,0.9894819855690002,-0.0356878936290741,-0.14018495380878448,0,0.03572691231966019,0.9993590116500854,-0.0022368645295500755,0,0.1401749551296234,-0.0027951207011938095,0.9901229739189148,0,0,0.1146330013871193,0.015565999783575535,1,0.0886090099811554,0.03490300104022026,-0.9954550266265869,0,0.9279710054397583,-0.36606404185295105,0.06976700574159622,0,-0.36196503043174744,-0.9299349784851074,-0.06482600420713425,0,0.10537999868392944,0.1766750067472458,-0.0005869999877177179,1,0.6441929936408997,0.6097670197486877,-0.4617359936237335,0,-0.08719799667596817,0.6582970023155212,0.7476909756660461,0,0.759876012802124,-0.44139501452445984,0.47724100947380066,0,0,0.22423799335956573,0,1,0.0985570028424263,0.02844100072979927,0.9947249889373779,0,-0.5129410028457642,0.8580210208892822,0.02628999948501587,0,-0.8527470231056213,-0.5128260254859924,0.09915299713611603,0,0,0.3324509859085083,0,1,0.4449619948863983,-0.004956936929374933,-0.8955360054969788,0,0.04932494834065437,0.9986019730567932,0.01898004487156868,0,0.8941900134086609,-0.05261697247624397,0.44458499550819397,0,0,0.2230129987001419,0,1,0.7368299961090088,0.664825975894928,-0.12282899767160416,0,-0.6699600219726562,0.7423970103263855,-0.0006699999794363976,0,0.09074199944734573,0.08278500288724899,0.9924280047416687,0,-0.05606599897146225,0.04847700148820877,0,1,0.8174170255661011,-0.5735710263252258,-0.05334499850869179,0,0.5703740119934082,0.7929289937019348,0.21433000266551971,0,-0.08063399791717529,-0.20562399923801422,0.9753040075302124,0,-0.010301999747753143,0.0583919994533062,0,1,0.9765740036964417,-0.21283699572086334,0.03168199956417084,0,0.21060700714588165,0.9755939841270447,0.06213799864053726,0,-0.044133998453617096,-0.054010000079870224,0.997564971446991,0,0.0025319999549537897,0.062453001737594604,0,1,0.9997929930686951,-0.020215999335050583,-0.0024530000519007444,0,0.019223999232053757,0.9766669869422913,-0.21389900147914886,0,0.006719999946653843,0.21380700170993805,0.9768530130386353,0,0,0.10215199738740921,0.0005579999997280538,1,0.9985669851303101,0.051256999373435974,0.015394999645650387,0,-0.05316299945116043,0.9168480038642883,0.3956809937953949,0,0.006165999919176102,-0.39593198895454407,0.9182590246200562,0,-0.0002610000083222985,0.08900599926710129,0,1,0.9997140169143677,-0.02377999946475029,-0.002403999911621213,0,0.023775000125169754,0.979062020778656,0.20216700434684753,0,-0.002454000059515238,-0.20216600596904755,0.9793480038642883,0,0.0010689999908208847,0.0563259981572628,0,1,0.03430299460887909,-0.030956998467445374,0.9989320039749146,0,-0.9224309921264648,-0.38565793633461,0.019725000485777855,0,0.38463595509529114,-0.9221220016479492,-0.041784998029470444,0,-0.10537999868392944,0.1766670048236847,0.00013499999477062374,1,0.7028689980506897,-0.6139410138130188,0.35923898220062256,0,0.14507201313972473,0.618139922618866,0.7725650072097778,0,-0.6963689923286438,-0.4908960163593292,0.5235369801521301,0,0,0.22423799335956573,0,1,0.08077900111675262,-0.017805997282266617,-0.9965729713439941,0,0.4291139841079712,0.9030579924583435,0.018646998330950737,0,0.8996310234069824,-0.42914897203445435,0.08058899641036987,0,0,0.3324739933013916,0,1,0.7899510860443115,-0.1934860348701477,0.5818419456481934,0,0.2937160134315491,0.9523630142211914,-0.0820709764957428,0,-0.5382459163665771,0.2357279658317566,0.8091500401496887,0,0,0.2229360044002533,0,1,0.9211840033531189,-0.37460198998451233,0.10532700270414352,0,0.30484500527381897,0.8629480004310608,0.40297600626945496,0,-0.2418469935655594,-0.3391070067882538,0.9091299772262573,0,0.040004998445510864,0.05417799949645996,0,1,0.8371400237083435,0.3411889970302582,0.4275360107421875,0,-0.3587779998779297,0.9324929714202881,-0.04165500029921532,0,-0.41288700699806213,-0.11851900070905685,0.9030380249023438,0,0.004428999964147806,0.05369500070810318,0,1,0.8727629780769348,0.4427039921283722,0.20566700398921967,0,-0.4251149892807007,0.8963950276374817,-0.12550899386405945,0,-0.23992200195789337,0.02210799977183342,0.9705399870872498,0,-0.009455000050365925,0.06657800078392029,0,1,0.9994750022888184,-0.019213000312447548,0.02609799988567829,0,0.02422099933028221,0.9778950214385986,-0.20768700540065765,0,-0.021530000492930412,0.20821000635623932,0.9778469800949097,0,0,0.09225200116634369,-0.00012199999764561653,1,0.9994750022888184,0.03148699924349785,0.00761799979954958,0,-0.031713999807834625,0.903020977973938,0.42842501401901245,0,0.006610000040382147,-0.42844200134277344,0.9035450220108032,0,-0.0006580000044777989,0.06664399802684784,0,1,0.9998949766159058,0.013776999898254871,0.004519999958574772,0,-0.014433000236749649,0.9754869937896729,0.21958400309085846,0,-0.001383999944664538,-0.21962599456310272,0.975583016872406,0,0.0002770000137388706,0.08127299696207047,0,1,-0.934503972530365,-0.12469800561666489,0.3333969712257385,0,0.22492298483848572,-0.9328089952468872,0.28156301379203796,0,0.2758849561214447,0.33810997009277344,0.8997610211372375,0,0.12127099931240082,-0.07283499836921692,0.01776999980211258,1,0.9962180256843567,0.04252899810671806,0.07576905190944672,0,-0.013484980911016464,0.9371349811553955,-0.3487059772014618,0,-0.08583605289459229,0.34636595845222473,0.9341639876365662,0,0,0.25009599328041077,0,1,0.9927669763565063,-0.11943498998880386,-0.012198000214993954,0,0.08691699802875519,0.6449260115623474,0.7592859864234924,0,-0.08281899243593216,-0.7548549771308899,0.6506419777870178,0,0,0.224481001496315,0,1,0.9983159899711609,0.000019999990399810486,0.05801500007510185,0,-0.04384399950504303,0.6551470160484314,0.7542279958724976,0,-0.03799299895763397,-0.7555019855499268,0.654043972492218,0,0,0.11962199956178665,0,1,-0.9765170216560364,0.04057899862527847,-0.21158599853515625,0,-0.09133899956941605,-0.9674490094184875,0.23600701987743378,0,-0.19512200355529785,0.2497910112142563,0.948436975479126,0,-0.12127099931240082,-0.07283499836921692,0.02559399977326393,1,0.9871910214424133,-0.07647401839494705,-0.1400199979543686,0,0.03762001544237137,0.964464008808136,-0.2615240216255188,0,0.15504400432109833,0.25290602445602417,0.9549869894981384,0,0,0.250203013420105,0,1,0.9919139742851257,0.11447600275278091,-0.05478597804903984,0,-0.03175601735711098,0.6418409943580627,0.7661799788475037,0,0.1228729858994484,-0.7582449913024902,0.6402869820594788,0,0,0.22449199855327606,0,1,0.9984580278396606,-0.00001899999006127473,-0.05550999939441681,0,0.040724001824855804,0.6797810196876526,0.7322840094566345,0,0.037721000611782074,-0.7334160208702087,0.6787329912185669,0,0,0.12299100309610367,0,1
