4.033,30,120,65
B0,mixamorig_Hips,-1,0.9028037190437317,-0.06963568180799484,0.4243248403072357,0,-0.0002508336037863046,0.9867035746574402,0.16246138513088226,0,-0.4300056993961334,-0.14680252969264984,0.8907986283302307,0,0.532997190952301,1.8532851934432983,0.11235698312520981,1
B1,mixamorig_Spine,0,0.992827296257019,-0.10943423956632614,-0.04808816686272621,0,0.11047248542308807,0.9936837553977966,0.019504500553011894,0,0.045653317123651505,-0.02467772550880909,0.9986520409584045,0,0,0.181768000125885,-0.02281700074672699,1
B2,mixamorig_Spine1,1,0.9874908328056335,-0.10368017852306366,-0.11877080798149109,0,0.1326218545436859,0.9536181092262268,0.27020877599716187,0,0.0852528065443039,-0.2825835049152374,0.9554439187049866,0,0,0.21372699737548828,0,1
B3,mixamorig_Spine2,2,0.9879462122917175,-0.10145994275808334,-0.11688407510519028,0,0.1301015019416809,0.9534419775009155,0.27204903960227966,0,0.08384596556425095,-0.2839798927307129,0.9551541805267334,0,0,0.24425899982452393,0,1
B4,mixamorig_Neck,3,0.9989619851112366,0.02298489399254322,-0.03929174691438675,0,-0.01198742724955082,0.9655134677886963,0.26006078720092773,0,0.043910279870033264,-0.259319543838501,0.9647899270057678,0,0,0.27479198575019836,0,1
B5,mixamorig_Head,4,0.9773123860359192,0.05408976972103119,-0.20475682616233826,0,-0.15895411372184753,0.8262382745742798,-0.5404222011566162,0,0.13994485139846802,0.5607155561447144,0.8160942792892456,0,0,0.16217100620269775,0.07993099838495255,1
B6,mixamorig_HeadTop_End,5,1,0,0,0,0,1,0,0,0,0,1,0,0,0.38795700669288635,0.19121700525283813,1
B7,mixamorig_LeftShoulder,3,0.11829009652137756,0.020608462393283844,-0.9927647113800049,0,0.9790103435516357,0.16466867923736572,0.12006894499063492,0,0.1659519225358963,-0.9861306548118591,-0.0006985169020481408,0,0.11031199991703033,0.24636100232601166,-0.003922999836504459,1
B8,mixamorig_LeftArm,7,-0.009858105331659317,0.8488480448722839,0.5285084247589111,0,-0.8041837215423584,0.30739614367485046,-0.5086590647697449,0,-0.5942622423171997,-0.4300101697444916,0.679617166519165,0,0,0.2245579957962036,0,1
B9,mixamorig_LeftForeArm,8,0.9602064490318298,0.27916792035102844,0.00481618195772171,0,-0.27916592359542847,0.9596073627471924,0.03425690531730652,0,0.004947181791067123,-0.034237902611494064,0.9994009137153625,0,0,0.5647550225257874,0,1
B10,mixamorig_LeftHand,9,0.9993001222610474,0.02740931510925293,0.025420019403100014,0,-0.02743595652282238,0.9996152520179749,0.0005497676320374012,0,-0.025398021563887596,-0.0012457536067813635,0.9996681809425354,0,0,0.4787989854812622,0,1
B11,mixamorig_LeftHandThumb1,10,0.8939409852027893,0.4401334822177887,-0.08456800132989883,0,-0.37613698840141296,0.8393599987030029,0.39242300391197205,0,0.2437015175819397,-0.3189939856529236,0.9158890247344971,0,-0.04867900162935257,0.05357600003480911,0.025220999494194984,1
B12,mixamorig_LeftHandThumb2,11,0.9899140000343323,0.1389315277338028,-0.027723999693989754,0,-0.13573700189590454,0.986158013343811,0.09522800147533417,0,0.04056999832391739,-0.0905039981007576,0.9950690269470215,0,-0.0044570001773536205,0.06116199865937233,0,1
B13,mixamorig_LeftHandThumb3,12,0.6935250163078308,-0.6966540217399597,0.18356600403785706,0,0.6935845017433167,0.7145529985427856,0.09140347689390182,0,-0.19484399259090424,0.06392800062894821,0.9787489771842957,0,0.004881000146269798,0.06747499853372574,0,1
B14,mixamorig_LeftHandThumb4,13,1,0,0,0,0,1,0,0,0,0,1,0,-0.0004239999980200082,0.06289400160312653,0,1
B15,mixamorig_LeftHandIndex1,10,0.9541980028152466,0.2326669991016388,0.18807600438594818,0,-0.2667829990386963,0.9462350010871887,0.18293647468090057,0,-0.13540099561214447,-0.22473299503326416,0.9649670124053955,0,-0.05884300172328949,0.17274999618530273,0.0018599999602884054,1
B16,mixamorig_LeftHandIndex2,15,0.9985899925231934,-0.05298199877142906,-0.003315000096336007,0,0.0508279986679554,0.9362429976463318,0.3476580083370209,0,-0.015316000208258629,-0.3473365306854248,0.9376154541969299,0,-0.00006399999983841553,0.06521599739789963,0,1
B17,mixamorig_LeftHandIndex3,16,0.994579017162323,-0.09873100370168686,-0.032639000564813614,0,0.0966780036687851,0.7623550295829773,0.6398969888687134,0,-0.03829500079154968,-0.6395829916000366,0.7677680253982544,0,0.00003300000025774352,0.060885000973939896,0,1
B18,mixamorig_LeftHandIndex4,17,1,0,0,0,0,1,0,0,0,0,1,0,0.00003099999958067201,0.0561010017991066,0,1
B19,mixamorig_LeftHandMiddle1,10,0.9900450110435486,0.13967399299144745,0.017371999099850655,0,-0.1393200010061264,0.9900429844856262,-0.020114000886678696,0,-0.020008999854326248,0.017494000494480133,0.9996470212936401,0,-0.01822900027036667,0.1798350065946579,-0.004403000231832266,1
B20,mixamorig_LeftHandMiddle2,19,0.9906970262527466,-0.12934499979019165,-0.04229399934411049,0,0.11068447679281235,0.5850725173950195,0.8033919930458069,0,-0.07917000353336334,-0.800599992275238,0.5939459800720215,0,-0.00003600000127335079,0.07010100036859512,0,1
B21,mixamorig_LeftHandMiddle3,20,0.9988340139389038,-0.04814700037240982,0.0035780000034719706,0,0.044782526791095734,0.9516270160675049,0.3039740025997162,0,-0.018039999529719353,-0.3034589886665344,0.9526739716529846,0,-9.999999974752427e-7,0.06479600071907043,0,1
B22,mixamorig_LeftHandMiddle4,21,1,0,0,0,0,1,0,0,0,0,1,0,0.000037999998312443495,0.06110600009560585,0,1
B23,mixamorig_LeftHandRing1,10,0.9937829971313477,-0.09864699840545654,0.0516199991106987,0,0.11002899706363678,0.9410219788551331,-0.3199540078639984,0,-0.017013000324368477,0.3236440122127533,0.9460260272026062,0,0.022633999586105347,0.17982600629329681,-0.005657999776303768,1
B24,mixamorig_LeftHandRing2,23,0.9977220296859741,-0.06744500249624252,-0.0016969999996945262,0,0.0617000013589859,0.9019839763641357,0.42733800411224365,0,-0.02729099988937378,-0.42646899819374084,0.9040899872779846,0,-0.0000670000008540228,0.06434600055217743,0,1
B25,mixamorig_LeftHandRing3,24,0.9954890012741089,-0.0920720025897026,-0.02290700003504753,0,0.08767499774694443,0.8004109859466553,0.5930060148239136,0,-0.036263998597860336,-0.5923389792442322,0.8048719763755798,0,-0.000043000000005122274,0.06067400053143501,0,1
B26,mixamorig_LeftHandRing4,25,1,0,0,0,0,1,0,0,0,0,1,0,0.00011000000085914508,0.05602100118994713,0,1
B27,mixamorig_LeftHandPinky1,10,0.9446390271186829,-0.3268299996852875,-0.02897699922323227,0,0.3217490017414093,0.9400069713592529,-0.11341851949691772,0,0.06430699676275253,0.09781599789857864,0.9931250214576721,0,0.05443799868226051,0.15970900654792786,0.0005810000002384186,1
B28,mixamorig_LeftHandPinky2,27,0.9962210059165955,-0.08633700013160706,-0.009477999992668629,0,0.08143399655818939,0.8905100226402283,0.44761601090431213,0,-0.03020547516644001,-0.446696013212204,0.8941760063171387,0,0.00017499999376013875,0.0653420016169548,0,1
B29,mixamorig_LeftHandPinky3,28,0.9881510138511658,-0.13790099322795868,-0.06739252060651779,0,0.1348150074481964,0.5699099898338318,0.8105720281600952,0,-0.07337100058794022,-0.8100529909133911,0.5817480087280273,0,-0.00015300000086426735,0.05291200056672096,0,1
B30,mixamorig_LeftHandPinky4,29,1,0,0,0,0,1,0,0,0,0,1,0,-0.000022000000171829015,0.04824399948120117,0,1
B31,mixamorig_RightShoulder,3,-0.11335662007331848,0.019836191087961197,0.9933555126190186,0,-0.9899210929870605,-0.08766546100378036,-0.1112140491604805,0,0.08487596362829208,-0.9959518909454346,0.02957451529800892,0,-0.11031199991703033,0.2462729960680008,-0.0032259998843073845,1
B32,mixamorig_RightArm,31,-0.09015979617834091,-0.975996196269989,-0.19822029769420624,0,0.9558084011077881,-0.028876669704914093,-0.2925667464733124,0,0.2798178493976593,-0.21583867073059082,0.93547123670578,0,0,0.2245579957962036,0,1
B33,mixamorig_RightForeArm,32,0.9257287383079529,-0.3780885636806488,-0.008555200882256031,0,0.37808454036712646,0.9247230291366577,0.04401496797800064,0,-0.008730726316571236,-0.043980494141578674,0.9989938735961914,0,0,0.5652790069580078,0,1
B34,mixamorig_RightHand,33,0.9134436249732971,-0.24820555746555328,0.3225100636482239,0,0.1675531566143036,0.9515581130981445,0.2577584385871887,0,-0.3708602786064148,-0.18141227960586548,0.9107849597930908,0,0,0.4784959852695465,0,1
B35,mixamorig_RightHandThumb1,34,0.6288480162620544,-0.773751974105835,0.07654000073671341,0,0.7696639895439148,0.633430004119873,0.0799029991030693,0,-0.11030799895524979,0.008662999607622623,0.9938600063323975,0,0.04954399913549423,0.05562499910593033,0.02943599969148636,1
B36,mixamorig_RightHandThumb2,35,0.8076149821281433,0.5742670297622681,-0.13407200574874878,0,-0.5829629898071289,0.8117600083351135,-0.03463052585721016,0,0.08894699811935425,0.10612700134515762,0.9903659820556641,0,0.006289999932050705,0.0637660026550293,0,1
B37,mixamorig_RightHandThumb3,36,0.9333109855651855,-0.35849499702453613,-0.0203000009059906,0,0.35803553462028503,0.9334220290184021,-0.023099999874830246,0,0.027230000123381615,0.014290999621152878,0.9995269775390625,0,-0.005853000096976757,0.06679899990558624,0,1
B38,mixamorig_RightHandThumb4,37,1,0,0,0,0,1,0,0,0,0,1,0,-0.00043700000969693065,0.059567999094724655,0,1
B39,mixamorig_RightHandIndex1,34,0.999737024307251,-0.02238300070166588,0.004927999805659056,0,0.022593000903725624,0.9263039827346802,-0.37609899044036865,0,0.003854000009596348,0.3761110007762909,0.926566481590271,0,0.05906999856233597,0.17643100023269653,0.0028280001133680344,1
B40,mixamorig_RightHandIndex2,39,0.9965630173683167,0.07927799969911575,0.024013999849557877,0,-0.07330899685621262,0.7091079950332642,0.7012779712677002,0,0.03856699913740158,-0.7006289958953857,0.7124829888343811,0,-0.00003199999991920777,0.06524199992418289,0,1
B41,mixamorig_RightHandIndex3,40,0.999638020992279,0.02686999924480915,-0.0012150000547990203,0,-0.02642199955880642,0.9894260168075562,0.1426129937171936,0,0.005034000147134066,-0.14252999424934387,0.9897779822349548,0,-0.0002519999979995191,0.06072999909520149,0,1
B42,mixamorig_RightHandIndex4,41,1,0,0,0,0,1,0,0,0,0,1,0,0.0002840000088326633,0.05686800181865692,0,1
B43,mixamorig_RightHandMiddle1,34,0.9991999864578247,-0.03737900033593178,-0.0142000000923872,0,0.03215400129556656,0.9622250199317932,-0.27035000920295715,0,0.02376900054514408,0.2696770131587982,0.9626569747924805,0,0.017146000638604164,0.18169599771499634,-0.0038469999562948942,1
B44,mixamorig_RightHandMiddle2,43,0.9940059781074524,0.10346800088882446,0.03531000018119812,0,-0.08263999968767166,0.49964746832847595,0.8622779846191406,0,0.07157599925994873,-0.860027015209198,0.5052030086517334,0,-0.00010800000018207356,0.07110700011253357,0,1
B45,mixamorig_RightHandMiddle3,44,0.9958789944648743,0.08711552619934082,0.02520200051367283,0,-0.07984952628612518,0.7105770111083984,0.6990739703178406,0,0.0429919995367527,-0.6982060074806213,0.7146049737930298,0,-0.00014200000441633165,0.06570599973201752,0,1
B46,mixamorig_RightHandMiddle4,45,1,0,0,0,0,1,0,0,0,0,1,0,0.0002500000118743628,0.0635169968008995,0,1
B47,mixamorig_RightHandRing1,34,0.9990180134773254,0.04416752606630325,-0.003425000002607703,0,-0.041916001588106155,0.9674429893493652,0.24959300458431244,0,0.01433700043708086,-0.24920399487018585,0.9683449864387512,0,-0.020330000668764114,0.18621300160884857,-0.002478000009432435,1
B48,mixamorig_RightHandRing2,47,0.9998270273208618,0.013771000318229198,-0.012496000155806541,0,-0.012241000309586525,0.9932680130004883,0.11519099771976471,0,0.013998525217175484,-0.11501800268888474,0.9932649731636047,0,0.00022400000307243317,0.06470800191164017,0,1
B49,mixamorig_RightHandRing3,48,0.9999679923057556,0.004575000144541264,-0.006566999945789576,0,-0.0039079999551177025,0.9951620101928711,0.09817299991846085,0,0.006984000094234943,-0.09814400225877762,0.9951480031013489,0,0.00007000000186963007,0.05900600180029869,0,1
B50,mixamorig_RightHandRing4,49,1,0,0,0,0,1,0,0,0,0,1,0,-0.00029399999766610563,0.055362001061439514,0,1
B51,mixamorig_RightHandPinky1,34,0.9976969957351685,0.06760399788618088,0.0054419999942183495,0,-0.062258001416921616,0.8810610175132751,0.46888700127601624,0,0.026903999969363213,-0.4681459963321686,0.8832420110702515,0,-0.05588499829173088,0.16542500257492065,0.004757000133395195,1
B52,mixamorig_RightHandPinky2,51,0.9941329956054688,0.10116899758577347,0.03825699910521507,0,-0.08852899819612503,0.5578889846801758,0.8251810073852539,0,0.06213952600955963,-0.8237259984016418,0.5635719895362854,0,-0.0002570000069681555,0.06404300034046173,0,1
B53,mixamorig_RightHandPinky3,52,0.9956849813461304,0.08716200292110443,0.03185800090432167,0,-0.08542200177907944,0.7266560196876526,0.6816700100898743,0,0.03626599907875061,-0.6814500093460083,0.7309654951095581,0,-0.00010800000018207356,0.05189799889922142,0,1
B54,mixamorig_RightHandPinky4,53,1,0,0,0,0,1,0,0,0,0,1,0,0.0003640000068116933,0.047272998839616776,0,1
B55,mixamorig_LeftUpLeg,0,-0.9610232710838318,-0.0656585767865181,0.26845940947532654,0,0.25066524744033813,-0.6161375045776367,0.746665358543396,0,0.11638370901346207,0.7848620414733887,0.6086209416389465,0,0.16947999596595764,-0.10094799846410751,0.0010219999821856618,1
B56,mixamorig_LeftLeg,55,0.9829317331314087,0.16909557580947876,0.07246451079845428,0,-0.027073878794908524,0.5225074291229248,-0.8520934581756592,0,-0.1819581538438797,0.8355869054794312,0.5181664824485779,0,0,0.969281017780304,0,1
B57,mixamorig_LeftFoot,56,0.9777652621269226,-0.14425009489059448,0.15214386582374573,0,-0.11534065753221512,0.23596015572547913,0.9647692441940308,0,-0.17501185834407806,-0.9608911275863647,0.21408040821552277,0,0,0.8826940059661865,0,1
B58,mixamorig_LeftToeBase,57,0.9894346594810486,-0.006317138206213713,0.14483946561813354,0,-0.0697551891207695,0.8550587892532349,0.513813316822052,0,-0.12709294259548187,-0.5184879899024963,0.8455845713615417,0,0,0.3161810040473938,0,1
B59,mixamorig_LeftToe_End,58,1,0,0,0,0,1,0,0,0,0,1,0,0,0.12122800201177597,0,1
B60,mixamorig_RightUpLeg,0,-0.9141278862953186,0.31434375047683716,-0.25576111674308777,0,-0.3145194351673126,-0.9482845067977905,-0.04127585515379906,0,-0.2555580735206604,0.0427817739546299,0.9658256769180298,0,-0.16947999596595764,-0.10094799846410751,0.008740999735891819,1
B61,mixamorig_RightLeg,60,0.9913589954376221,-0.12879252433776855,0.024343108758330345,0,0.1304175853729248,0.9518588781356812,-0.27718493342399597,0,0.012502063997089863,0.2779807448387146,0.9604334235191345,0,0,0.9694340229034424,0,1
B62,mixamorig_RightFoot,61,0.8819307684898376,0.45554324984550476,0.12114646285772324,0,-0.17254386842250824,0.07280796766281128,0.9822936654090881,0,0.4386630058288574,-0.8872162699699402,0.14281249046325684,0,0,0.8825370073318481,0,1
B63,mixamorig_RightToeBase,62,0.9890379905700684,0.00004347445792518556,-0.1476595252752304,0,0.07014299929141998,0.8798320889472961,0.4700808525085449,0,0.12993599474430084,-0.4752853214740753,0.870184063911438,0,0,0.3129810094833374,0,1
B64,mixamorig_RightToe_End,63,1,0,0,0,0,1,0,0,0,0,1,0,0,0.12095499783754349,0,1
@52,0,1,2,3,4,5,7,8,9,10,11,12,13,15,16,17,19,20,21,23,24,25,27,28,29,31,32,33,34,35,36,37,39,40,41,43,44,45,47,48,49,51,52,53,55,56,57,58,60,61,62,63
K0.000,0.9185109734535217,0.005216000135987997,-0.395361989736557,0,0.025211000815033913,0.9971060156822205,0.07172500342130661,0,0.3945919871330261,-0.07584799826145172,0.9157209992408752,0,-0.018286999315023422,2.0128250122070312,-0.05005799978971481,1,0.9965180158615112,0.0716719999909401,0.04260599985718727,0,-0.06943199783563614,0.9962350130081177,-0.05191100016236305,0,-0.04616599902510643,0.04877199977636337,0.9977419972419739,0,0,0.181768000125885,-0.02281700074672699,1,0.9923880100250244,0.09085100144147873,0.08313599973917007,0,-0.1023939996957779,0.9837960004806519,0.14717699587345123,0,-0.06841699779033661,-0.15456900000572205,0.9856100082397461,0,0,0.21372699737548828,0,1,0.9928579926490784,0.08549399673938751,0.08320900052785873,0,-0.09732300043106079,0.9838190078735352,0.1504260003566742,0,-0.06900200247764587,-0.15745000541210175,0.9851130247116089,0,0,0.24425899982452393,0,1,0.9975050091743469,0.02247299998998642,0.0669189989566803,0,-0.04363299906253815,0.9414809942245483,0.3342289924621582,0,-0.05549199879169464,-0.33631500601768494,0.9401130080223083,0,0,0.27479198575019836,0,1,0.9539030194282532,-0.2477550059556961,0.16936999559402466,0,0.2768380045890808,0.9443219900131226,-0.17781199514865875,0,-0.11588600277900696,0.21650399267673492,0.9693790078163147,0,0,0.16217100620269775,0.07993099838495255,1,0.39206498861312866,0.09848400205373764,-0.9146509766578674,0,0.9091330170631409,0.11045899987220764,0.40159299969673157,0,0.14058099687099457,-0.988988995552063,-0.04622799903154373,0,0.11031199991703033,0.24636100232601166,-0.003922999836504459,1,0.25707298517227173,0.8031049966812134,0.5375270247459412,0,-0.878059983253479,0.42642998695373535,-0.21718400716781616,0,-0.4036400020122528,-0.41614899039268494,0.8147979974746704,0,0,0.2245579957962036,0,1,0.9276480078697205,0.3733519911766052,0.008812000043690205,0,-0.37334901094436646,0.9265589714050293,0.04581400007009506,0,0.008940000087022781,-0.045788999646902084,0.9989110231399536,0,0,0.5647550225257874,0,1,0.9984970092773438,0.004267999902367592,0.05463999882340431,0,-0.010425000451505184,0.993552029132843,0.11289399862289429,0,-0.05380500108003616,-0.11329399794340134,0.9921039938926697,0,0,0.4787989854812622,0,1,0.8939409852027893,0.4401339888572693,-0.08456800132989883,0,-0.37613698840141296,0.8393599987030029,0.39242300391197205,0,0.2437009960412979,-0.3189939856529236,0.9158890247344971,0,-0.04867900162935257,0.05357600003480911,0.025220999494194984,1,0.9899140000343323,0.138931006193161,-0.027723999693989754,0,-0.13573700189590454,0.986158013343811,0.09522700309753418,0,0.04056999832391739,-0.0905039981007576,0.9950690269470215,0,-0.0044570001773536205,0.06116199865937233,0,1,0.6935250163078308,-0.6966540217399597,0.18356600403785706,0,0.6935840249061584,0.7145529985427856,0.09140300005674362,0,-0.19484399259090424,0.06392800062894821,0.9787489771842957,0,0.004881000146269798,0.06747499853372574,0,1,0.9541980028152466,0.2326669991016388,0.18807600438594818,0,-0.2667829990386963,0.9462350010871887,0.18293599784374237,0,-0.13540099561214447,-0.22473299503326416,0.9649670124053955,0,-0.05884300172328949,0.17274999618530273,0.0018599999602884054,1,0.9985899925231934,-0.05298199877142906,-0.003315000096336007,0,0.0508279986679554,0.9362429976463318,0.3476580083370209,0,-0.015316000208258629,-0.347337007522583,0.9376149773597717,0,-0.00006399999983841553,0.06521599739789963,0,1,0.994579017162323,-0.09873100370168686,-0.032639000564813614,0,0.0966780036687851,0.7623559832572937,0.6398959755897522,0,-0.03829500079154968,-0.6395829916000366,0.7677680253982544,0,0.00003300000025774352,0.060885000973939896,0,1,0.9900450110435486,0.13967299461364746,0.017371999099850655,0,-0.1393200010061264,0.9900429844856262,-0.020114000886678696,0,-0.020008999854326248,0.017494000494480133,0.9996470212936401,0,-0.01822900027036667,0.1798350065946579,-0.004403000231832266,1,0.9906970262527466,-0.12934499979019165,-0.04229399934411049,0,0.11068499833345413,0.5850719809532166,0.8033919930458069,0,-0.07917000353336334,-0.800599992275238,0.5939459800720215,0,-0.00003600000127335079,0.07010100036859512,0,1,0.9988340139389038,-0.048145998269319534,0.0035780000034719706,0,0.04478200152516365,0.9516270160675049,0.3039740025997162,0,-0.018039999529719353,-0.3034589886665344,0.9526739716529846,0,0,0.06479600071907043,0,1,0.9937829971313477,-0.09864699840545654,0.0516199991106987,0,0.11003000289201736,0.9410219788551331,-0.3199540078639984,0,-0.017013000324368477,0.3236440122127533,0.9460260272026062,0,0.022633999586105347,0.17982600629329681,-0.005657999776303768,1,0.9977220296859741,-0.06744500249624252,-0.0016969999996945262,0,0.0617000013589859,0.9019839763641357,0.42733800411224365,0,-0.02729099988937378,-0.42646899819374084,0.9040899872779846,0,-0.0000670000008540228,0.06434600055217743,0,1,0.9954890012741089,-0.0920720025897026,-0.02290700003504753,0,0.08767499774694443,0.8004109859466553,0.5930060148239136,0,-0.036263998597860336,-0.5923389792442322,0.8048719763755798,0,-0.000043000000005122274,0.06067400053143501,0,1,0.9446390271186829,-0.3268299996852875,-0.02897699922323227,0,0.3217490017414093,0.9400069713592529,-0.11341899633407593,0,0.06430699676275253,0.09781599789857864,0.9931250214576721,0,0.05443799868226051,0.15970900654792786,0.0005810000002384186,1,0.9962210059165955,-0.08633700013160706,-0.009477999992668629,0,0.08143399655818939,0.8905100226402283,0.44761601090431213,0,-0.030205000191926956,-0.446696013212204,0.8941760063171387,0,0.00017499999376013875,0.0653420016169548,0,1,0.9881510138511658,-0.13790099322795868,-0.067392997443676,0,0.1348150074481964,0.5699099898338318,0.8105720281600952,0,-0.07337100058794022,-0.8100529909133911,0.5817480087280273,0,-0.00015300000086426735,0.05291200056672096,0,1,-0.2920680046081543,0.026149999350309372,0.9560400247573853,0,-0.9363430142402649,-0.21145400404930115,-0.2802659869194031,0,0.19482900202274323,-0.9770380258560181,0.08624400198459625,0,-0.11031199991703033,0.2462729960680008,-0.0032259998843073845,1,-0.23174700140953064,-0.9699479937553406,-0.07412000000476837,0,0.9398350119590759,-0.20358799397945404,-0.2743400037288666,0,0.25100600719451904,-0.13323800265789032,0.9587720036506653,0,0,0.2245579957962036,0,1,0.937391996383667,-0.3482010066509247,-0.007197000086307526,0,0.34819701313972473,0.9365440011024475,0.040536001324653625,0,-0.0073739998042583466,-0.04050400108098984,0.9991520047187805,0,0,0.5652790069580078,0,1,0.9272580146789551,0.15068799257278442,0.3427619934082031,0,-0.25763899087905884,0.9210439920425415,0.29206201434135437,0,-0.2716889977455139,-0.3591249883174896,0.8928689956665039,0,0,0.4784959852695465,0,1,0.6288480162620544,-0.773751974105835,0.07654000073671341,0,0.7696639895439148,0.633430004119873,0.0799029991030693,0,-0.11030799895524979,0.008662999607622623,0.9938600063323975,0,0.04954399913549423,0.05562499910593033,0.02943599969148636,1,0.8076149821281433,0.5742670297622681,-0.13407200574874878,0,-0.5829629898071289,0.8117600083351135,-0.034630998969078064,0,0.08894699811935425,0.10612700134515762,0.9903659820556641,0,0.006289999932050705,0.0637660026550293,0,1,0.9333109855651855,-0.35849499702453613,-0.0203000009059906,0,0.35803601145744324,0.9334220290184021,-0.02309899963438511,0,0.027228999882936478,0.014290999621152878,0.9995269775390625,0,-0.005853000096976757,0.06679899990558624,0,1,0.999737024307251,-0.02238300070166588,0.004927000030875206,0,0.022592000663280487,0.9263039827346802,-0.37609800696372986,0,0.003854000009596348,0.3761110007762909,0.926567018032074,0,0.05906999856233597,0.17643100023269653,0.0028280001133680344,1,0.9965630173683167,0.07927799969911575,0.024013999849557877,0,-0.07330899685621262,0.7091079950332642,0.7012779712677002,0,0.03856699913740158,-0.7006289958953857,0.7124829888343811,0,-0.00003199999991920777,0.06524199992418289,0,1,0.999638020992279,0.02686999924480915,-0.0012150000547990203,0,-0.02642199955880642,0.9894260168075562,0.1426129937171936,0,0.005034000147134066,-0.14252899587154388,0.9897779822349548,0,-0.0002519999979995191,0.06072999909520149,0,1,0.9991999864578247,-0.03737900033593178,-0.0142000000923872,0,0.03215400129556656,0.9622250199317932,-0.27035000920295715,0,0.02376900054514408,0.2696770131587982,0.9626569747924805,0,0.017146000638604164,0.18169599771499634,-0.0038469999562948942,1,0.9940059781074524,0.10346800088882446,0.03531000018119812,0,-0.08263999968767166,0.49964800477027893,0.8622779846191406,0,0.07157599925994873,-0.860027015209198,0.5052030086517334,0,-0.00010800000018207356,0.07110700011253357,0,1,0.9958789944648743,0.08711499720811844,0.02520200051367283,0,-0.0798489972949028,0.7105770111083984,0.6990739703178406,0,0.0429919995367527,-0.6982060074806213,0.7146049737930298,0,-0.00014200000441633165,0.06570599973201752,0,1,0.9990180134773254,0.04416700080037117,-0.003425000002607703,0,-0.041916001588106155,0.9674429893493652,0.24959300458431244,0,0.01433700043708086,-0.24920399487018585,0.9683449864387512,0,-0.020330000668764114,0.18621300160884857,-0.002478000009432435,1,0.9998270273208618,0.013771000318229198,-0.012496000155806541,0,-0.012241000309586525,0.9932680130004883,0.11519099771976471,0,0.013999000191688538,-0.11501800268888474,0.9932649731636047,0,0.00022400000307243317,0.06470800191164017,0,1,0.9999679923057556,0.004575000144541264,-0.006566999945789576,0,-0.0039079999551177025,0.9951620101928711,0.09817299991846085,0,0.006984000094234943,-0.09814400225877762,0.9951480031013489,0,0.00007000000186963007,0.05900600180029869,0,1,0.9976969957351685,0.06760399788618088,0.0054419999942183495,0,-0.062258001416921616,0.8810610175132751,0.46888700127601624,0,0.026903999969363213,-0.4681459963321686,0.8832409977912903,0,-0.05588499829173088,0.16542500257492065,0.004757000133395195,1,0.9941329956054688,0.10116899758577347,0.03825699910521507,0,-0.08852899819612503,0.5578889846801758,0.8251810073852539,0,0.06213900074362755,-0.8237259984016418,0.5635719895362854,0,-0.0002570000069681555,0.06404300034046173,0,1,0.9956849813461304,0.08716200292110443,0.03185800090432167,0,-0.08542200177907944,0.7266560196876526,0.6816700100898743,0,0.03626599907875061,-0.6814500093460083,0.7309659719467163,0,-0.00010800000018207356,0.05189799889922142,0,1,-0.9734089970588684,-0.12439599633216858,0.1923529952764511,0,0.1903569996356964,-0.9063810110092163,0.377144992351532,0,0.1274300068616867,0.4037320017814636,0.9059590101242065,0,0.16947999596595764,-0.10094799846410751,0.0010219999821856618,1,0.9864389896392822,-0.03573000058531761,-0.16018900275230408,0,-0.07766900211572647,0.7581869959831238,-0.6473950147628784,0,0.1445849984884262,0.6510570049285889,0.7451310157775879,0,0,0.969281017780304,0,1,0.9791569709777832,-0.09340699762105942,-0.18035200238227844,0,0.19306200742721558,0.15227100253105164,0.9692990183830261,0,-0.06307700276374817,-0.9839149713516235,0.16713100671768188,0,0,0.8826940059661865,0,1,0.9899449944496155,-0.015010000206530094,0.14065499603748322,0,-0.07011900097131729,0.8115180134773254,0.5801060199737549,0,-0.12285099923610687,-0.5841349959373474,0.8023049831390381,0,0,0.3161810040473938,0,1,-0.9898579716682434,-0.008166000247001648,-0.14182700216770172,0,-0.030426999554038048,-0.9629909992218018,0.26780998706817627,0,-0.13876500725746155,0.26941001415252686,0.9529759883880615,0,-0.16947999596595764,-0.10094799846410751,0.008740999735891819,1,0.9998440146446228,0.012959999963641167,0.012012000195682049,0,-0.0023759999312460423,0.7722319960594177,-0.6353359818458557,0,-0.017510000616312027,0.635208010673523,0.7721419930458069,0,0,0.9694340229034424,0,1,0.9982889890670776,-0.04573100060224533,0.036430999636650085,0,-0.03673100098967552,-0.005735999904572964,0.9993090033531189,0,-0.04549099877476692,-0.9989370107650757,-0.007406000047922134,0,0,0.8825370073318481,0,1,0.9890360236167908,0,-0.14767499268054962,0,0.07013899832963943,0.8800100088119507,0.46974700689315796,0,0.12995600700378418,-0.4749540090560913,0.8703619837760925,0,0,0.3129810094833374,0,1
K0.033,0.9243820905685425,-0.001733074663206935,-0.38146376609802246,0,0.030355047434568405,0.9971529841423035,0.06902796030044556,0,0.3802577555179596,-0.07538698613643646,0.9218031167984009,0,-0.010894892737269402,2.0101490020751953,-0.04257890209555626,1,0.9969840049743652,0.06544093787670135,0.04172598198056221,0,-0.06326194107532501,0.9966650009155273,-0.05155099183320999,0,-0.044960979372262955,0.04875599592924118,0.9977980256080627,0,0,0.181768000125885,-0.02281700074672699,1,0.9933559894561768,0.08360892534255981,0.07907894998788834,0,-0.09459491819143295,0.9845569729804993,0.14730802178382874,0,-0.06554195284843445,-0.15380999445915222,0.9859240055084229,0,0,0.21372699737548828,0,1,0.9937660098075867,0.07854592800140381,0.0791209489107132,0,-0.08977391570806503,0.9845790266990662,0.15014900267124176,0,-0.06610695272684097,-0.15631599724292755,0.9854919910430908,0,0,0.24425899982452393,0,1,0.9977650046348572,0.02344997599720955,0.06257393211126328,0,-0.0429389514029026,0.9424859881401062,0.33147498965263367,0,-0.051201943308115005,-0.333420991897583,0.9413869976997375,0,0,0.27479198575019836,0,1,0.9614490866661072,-0.22556574642658234,0.1572788506746292,0,0.25315073132514954,0.949396014213562,-0.1859111785888672,0,-0.10738387703895569,0.2185591161251068,0.9698969721794128,0,0,0.16217100620269775,0.07993099838495255,1,0.3833348751068115,0.09578296542167664,-0.918630063533783,0,0.9130770564079285,0.11047501116991043,0.39253687858581543,0,0.13908398151397705,-0.9892529845237732,-0.04510798305273056,0,0.11031199991703033,0.24636100232601166,-0.003922999836504459,1,0.24058690667152405,0.8121890425682068,0.5314759016036987,0,-0.8824080228805542,0.4111059010028839,-0.2287961095571518,0,-0.40431898832321167,-0.4139339327812195,0.8155890703201294,0,0,0.2245579957962036,0,1,0.928011953830719,0.37244608998298645,0.008768003433942795,0,-0.3724430799484253,0.9269289374351501,0.04570300877094269,0,0.00889500416815281,-0.04567800834774971,0.9989169836044312,0,0,0.5647550225257874,0,1,0.9985020160675049,0.004585997201502323,0.05452100560069084,0,-0.01066299807280302,0.9936839938163757,0.11170901358127594,0,-0.05366500839591026,-0.11212301254272461,0.9922440052032471,0,0,0.4787989854812622,0,1,0.8939409852027893,0.4401339888572693,-0.08456800132989883,0,-0.37613698840141296,0.8393599987030029,0.39242398738861084,0,0.2437019944190979,-0.31899499893188477,0.9158890247344971,0,-0.04867900162935257,0.05357600003480911,0.025220999494194984,1,0.9899140000343323,0.138932004570961,-0.027723999693989754,0,-0.13573800027370453,0.986158013343811,0.09522800147533417,0,0.04056999832391739,-0.0905039981007576,0.9950690269470215,0,-0.0044570001773536205,0.06116199865937233,0,1,0.6935250163078308,-0.6966540217399597,0.18356600403785706,0,0.6935840249061584,0.7145529985427856,0.09140300005674362,0,-0.19484399259090424,0.06392800062894821,0.9787489771842957,0,0.004881000146269798,0.06747499853372574,0,1,0.9541980028152466,0.2326669991016388,0.18807600438594818,0,-0.2667829990386963,0.9462350010871887,0.18293699622154236,0,-0.13540099561214447,-0.22473299503326416,0.9649670124053955,0,-0.05884300172328949,0.17274999618530273,0.0018599999602884054,1,0.9985899925231934,-0.05298199877142906,-0.003315000096336007,0,0.0508279986679554,0.9362429976463318,0.3476580083370209,0,-0.015316000208258629,-0.3473359942436218,0.9376149773597717,0,-0.00006399999983841553,0.06521599739789963,0,1,0.994579017162323,-0.09873100370168686,-0.032639000564813614,0,0.09667699784040451,0.7623559832572937,0.6398959755897522,0,-0.03829500079154968,-0.6395829916000366,0.7677680253982544,0,0.00003300000025774352,0.060885000973939896,0,1,0.9900450110435486,0.13967299461364746,0.017371999099850655,0,-0.1393200010061264,0.9900429844856262,-0.020114000886678696,0,-0.020008999854326248,0.017494000494480133,0.9996470212936401,0,-0.01822900027036667,0.1798350065946579,-0.004403000231832266,1,0.9906970262527466,-0.12934499979019165,-0.04229399934411049,0,0.11068499833345413,0.5850729942321777,0.8033919930458069,0,-0.07917000353336334,-0.800599992275238,0.5939459800720215,0,-0.00003600000127335079,0.07010100036859512,0,1,0.9988340139389038,-0.04814700037240982,0.0035780000034719706,0,0.04478200152516365,0.9516270160675049,0.3039740025997162,0,-0.018039999529719353,-0.3034589886665344,0.9526739716529846,0,0,0.06479600071907043,0,1,0.9937829971313477,-0.09864799678325653,0.0516199991106987,0,0.11003000289201736,0.9410219788551331,-0.31995299458503723,0,-0.017013000324368477,0.3236440122127533,0.9460260272026062,0,0.022633999586105347,0.17982600629329681,-0.005657999776303768,1,0.9977220296859741,-0.06744500249624252,-0.0016969999996945262,0,0.0617000013589859,0.9019839763641357,0.42733800411224365,0,-0.02729099988937378,-0.42646899819374084,0.9040899872779846,0,-0.0000670000008540228,0.06434600055217743,0,1,0.9954890012741089,-0.0920720025897026,-0.02290700003504753,0,0.08767499774694443,0.8004109859466553,0.5930060148239136,0,-0.036263998597860336,-0.5923389792442322,0.8048719763755798,0,-0.000043000000005122274,0.06067400053143501,0,1,0.9446390271186829,-0.3268299996852875,-0.02897699922323227,0,0.3217479884624481,0.9400079846382141,-0.11341899633407593,0,0.06430699676275253,0.09781599789857864,0.9931250214576721,0,0.05443799868226051,0.15970900654792786,0.0005810000002384186,1,0.9962210059165955,-0.08633700013160706,-0.009477999992668629,0,0.08143399655818939,0.8905100226402283,0.44761601090431213,0,-0.030205000191926956,-0.446696013212204,0.8941760063171387,0,0.00017499999376013875,0.0653420016169548,0,1,0.9881510138511658,-0.13790099322795868,-0.067392997443676,0,0.1348150074481964,0.5699099898338318,0.8105720281600952,0,-0.07337100058794022,-0.8100529909133911,0.5817480087280273,0,-0.00015300000086426735,0.05291200056672096,0,1,-0.28525492548942566,0.026896009221673012,0.9580739736557007,0,-0.9397560358047485,-0.20432189106941223,-0.27406391501426697,0,0.18838490545749664,-0.9785339832305908,0.08355996012687683,0,-0.11031199991703033,0.2462729960680008,-0.0032259998843073845,1,-0.21964888274669647,-0.972366988658905,-0.07910407334566116,0,0.9451100826263428,-0.19198188185691833,-0.26440489292144775,0,0.2419119030237198,-0.13283801078796387,0.9611619710922241,0,0,0.2245579957962036,0,1,0.9390490055084229,-0.3437129557132721,-0.007004999089986086,0,0.3437099754810333,0.9382230043411255,0.04001299664378166,0,-0.007180999033153057,-0.03998199477791786,0.9991750121116638,0,0,0.5652790069580078,0,1,0.9093238711357117,0.15775299072265625,0.3850252330303192,0,-0.28219810128211975,0.9138180017471313,0.29206299781799316,0,-0.3057692050933838,-0.37423306703567505,0.8754738569259644,0,0,0.4784959852695465,0,1,0.6288480162620544,-0.773751974105835,0.07654000073671341,0,0.7696639895439148,0.6334289908409119,0.0799029991030693,0,-0.11030799895524979,0.008662999607622623,0.9938600063323975,0,0.04954399913549423,0.05562499910593033,0.02943599969148636,1,0.8076149821281433,0.5742670297622681,-0.13407200574874878,0,-0.5829629898071289,0.8117600083351135,-0.034630998969078064,0,0.08894699811935425,0.10612700134515762,0.9903659820556641,0,0.006289999932050705,0.0637660026550293,0,1,0.9333109855651855,-0.35849499702453613,-0.0203000009059906,0,0.35803499817848206,0.9334220290184021,-0.023099999874830246,0,0.027230000123381615,0.014290999621152878,0.9995269775390625,0,-0.005853000096976757,0.06679899990558624,0,1,0.999737024307251,-0.02238300070166588,0.004927000030875206,0,0.022593000903725624,0.9263039827346802,-0.37609899044036865,0,0.003854000009596348,0.3761110007762909,0.926567018032074,0,0.05906999856233597,0.17643100023269653,0.0028280001133680344,1,0.9965630173683167,0.07927799969911575,0.024013999849557877,0,-0.07330899685621262,0.7091079950332642,0.7012779712677002,0,0.03856699913740158,-0.7006289958953857,0.7124829888343811,0,-0.00003199999991920777,0.06524199992418289,0,1,0.999638020992279,0.02686999924480915,-0.0012150000547990203,0,-0.02642199955880642,0.9894260168075562,0.1426129937171936,0,0.005034000147134066,-0.14252899587154388,0.9897779822349548,0,-0.0002519999979995191,0.06072999909520149,0,1,0.9991999864578247,-0.03737900033593178,-0.0142000000923872,0,0.03215400129556656,0.9622250199317932,-0.27035000920295715,0,0.02376900054514408,0.2696770131587982,0.9626569747924805,0,0.017146000638604164,0.18169599771499634,-0.0038469999562948942,1,0.9940059781074524,0.10346800088882446,0.03531000018119812,0,-0.08263999968767166,0.49964699149131775,0.8622779846191406,0,0.07157500088214874,-0.860027015209198,0.5052030086517334,0,-0.00010800000018207356,0.07110700011253357,0,1,0.9958789944648743,0.08711499720811844,0.02520200051367283,0,-0.0798489972949028,0.7105770111083984,0.6990739703178406,0,0.0429919995367527,-0.6982060074806213,0.7146049737930298,0,-0.00014200000441633165,0.06570599973201752,0,1,0.9990180134773254,0.04416799917817116,-0.003425000002607703,0,-0.041916001588106155,0.9674429893493652,0.24959300458431244,0,0.01433700043708086,-0.24920399487018585,0.9683449864387512,0,-0.020330000668764114,0.18621300160884857,-0.002478000009432435,1,0.9998270273208618,0.013771000318229198,-0.012496000155806541,0,-0.012241000309586525,0.9932680130004883,0.11519099771976471,0,0.0139979999512434,-0.11501800268888474,0.9932649731636047,0,0.00022400000307243317,0.06470800191164017,0,1,0.9999679923057556,0.004575000144541264,-0.006566999945789576,0,-0.0039079999551177025,0.9951620101928711,0.09817299991846085,0,0.006984000094234943,-0.09814400225877762,0.9951480031013489,0,0.00007000000186963007,0.05900600180029869,0,1,0.9976969957351685,0.06760399788618088,0.0054419999942183495,0,-0.062258001416921616,0.8810610175132751,0.46888700127601624,0,0.026903999969363213,-0.4681459963321686,0.8832420110702515,0,-0.05588499829173088,0.16542500257492065,0.004757000133395195,1,0.9941329956054688,0.10116899758577347,0.03825699910521507,0,-0.08852899819612503,0.5578889846801758,0.8251799941062927,0,0.06213900074362755,-0.8237259984016418,0.5635719895362854,0,-0.0002570000069681555,0.06404300034046173,0,1,0.9956849813461304,0.08716200292110443,0.03185800090432167,0,-0.08542200177907944,0.7266560196876526,0.6816700100898743,0,0.03626599907875061,-0.6814500093460083,0.7309650182723999,0,-0.00010800000018207356,0.05189799889922142,0,1,-0.9733030200004578,-0.1266150176525116,0.19144399464130402,0,0.1996740698814392,-0.8784117102622986,0.43419149518013,0,0.11319088190793991,0.4608265161514282,0.8802427053451538,0,0.16947999596595764,-0.10094799846410751,0.0010219999821856618,1,0.9859309792518616,-0.05235215649008751,-0.15874193608760834,0,-0.06541883945465088,0.75307697057724,-0.6546720266342163,0,0.15381905436515808,0.6558459401130676,0.7390570044517517,0,0,0.969281017780304,0,1,0.9793750643730164,-0.09004208445549011,-0.18087759613990784,0,0.1958976686000824,0.2039267122745514,0.9591858983039856,0,-0.04948205128312111,-0.9748368263244629,0.21735970675945282,0,0,0.8826940059661865,0,1,0.9899370074272156,-0.01488299760967493,0.14072200655937195,0,-0.07011599838733673,0.8122050166130066,0.5791419744491577,0,-0.12291499972343445,-0.5831819772720337,0.8029890060424805,0,0,0.3161810040473938,0,1,-0.98996901512146,-0.013765048235654831,-0.14061495661735535,0,-0.021733907982707024,-0.968561053276062,0.24782675504684448,0,-0.13960596919059753,0.24839675426483154,0.9585450887680054,0,-0.16947999596595764,-0.10094799846410751,0.008740999735891819,1,0.9993429780006409,0.024208134040236473,0.02696925960481167,0,-0.0018529483349993825,0.7773290872573853,-0.6290919184684753,0,-0.03619328513741493,0.6286289095878601,0.7768630385398865,0,0,0.9694340229034424,0,1,0.9979919791221619,-0.053629063069820404,0.033714938908815384,0,-0.03469394892454147,-0.017442109063267708,0.9992460012435913,0,-0.053000062704086304,-0.9984089732170105,-0.019267110154032707,0,0,0.8825370073318481,0,1,0.9890360236167908,0,-0.14767499268054962,0,0.07013899832963943,0.8800100088119507,0.46974700689315796,0,0.12995600700378418,-0.4749540090560913,0.8703619837760925,0,0,0.3129810094833374,0,1
