3.833,30,114,41
B0,mixamorig_Hips,-1,0.9333450794219971,0.18911905586719513,-0.3050519824028015,0,-0.24509817361831665,0.9566898941993713,-0.15651075541973114,0,0.2622394561767578,0.22084659337997437,0.9392743706703186,0,-3.3442535400390625,60.47731018066406,1.0753791332244873,1
B1,mixamorig_Spine,0,0.9737393856048584,0.21704868972301483,-0.0685715302824974,0,-0.2126433253288269,0.9747825860977173,0.06657427549362183,0,0.08127133548259735,-0.050242841243743896,0.9953426718711853,0,0,12.362625122070312,-0.22119300067424774,1
B2,mixamorig_Spine1,1,0.9989588856697083,-0.03071334958076477,-0.03368864208459854,0,0.03251200169324875,0.9980018138885498,0.054135989397764206,0,0.03195693716406822,-0.055176109075546265,0.9979618787765503,0,0,14.425357818603516,0,1
B3,mixamorig_Spine2,2,0.9990448355674744,-0.030156251043081284,-0.03158742934465408,0,0.03189026191830635,0.9979282021522522,0.05582737177610397,0,0.029836386442184448,-0.056782547384500504,0.9979375600814819,0,0,16.486127853393555,0,1
B4,mixamorig_Neck,3,0.998325765132904,0.0384545736014843,0.0429876483976841,0,-0.04711952060461044,0.9736100435256958,0.2232399582862854,0,-0.03328242897987366,-0.22489091753959656,0.9738097190856934,0,0,18.546897888183594,0,1
B5,mixamorig_Head,4,0.9853261113166809,-0.15299062430858612,0.07485692948102951,0,0.1570027619600296,0.9861527681350708,-0.05244654044508934,0,-0.0657707005739212,0.06338988989591599,0.9957190752029419,0,0,11.590484619140625,1.570942997932434,1
B6,mixamorig_HeadTop_End,5,1,0,0,0,0,1,0,0,0,0,1,0,0,57.1141357421875,7.741098880767822,1
B7,mixamorig_LeftShoulder,3,0.048864737153053284,0.015876533463597298,-0.998564600944519,0,0.9693126678466797,-0.24066370725631714,0.043688107281923294,0,-0.2396315038204193,-0.9702813029289246,-0.026864320039749146,0,10.596755981445312,17.94844627380371,-0.012966999784111977,1
B8,mixamorig_LeftArm,7,0.9263822436332703,0.18621625006198883,-0.32306668162345886,0,0.05857293680310249,0.7845105528831482,0.6165976524353027,0,0.36793282628059387,-0.5911699533462524,0.7156792879104614,0,0,22.379554748535156,0,1
B9,mixamorig_LeftForeArm,8,0.034055933356285095,-0.0009263483807444572,0.9994193315505981,0,-0.6562591791152954,-0.7533056735992432,0.021664585918188095,0,0.752848207950592,-0.6566163897514343,-0.02626362442970276,0,0,28.140552520751953,0,1
B10,mixamorig_LeftHand,9,-0.6199448704719543,-0.5107911825180054,-0.595580518245697,0,-0.017994480207562447,0.7681043148040771,-0.6400301456451416,0,0.7844368815422058,-0.38607844710350037,-0.4853762090206146,0,0,28.80732536315918,0,1
B11,mixamorig_LeftHandThumb1,10,0.7739009857177734,0.2624489963054657,-0.5763660073280334,0,0.043657999485731125,0.8858159780502319,0.4619779884815216,0,0.6317996382713318,-0.3826883137226105,0.6740760207176208,0,-5.613279819488525,5.90657901763916,0,1
B12,mixamorig_LeftHandThumb2,11,0.6395373344421387,-0.7677329778671265,-0.0397176630795002,0,0.6360366344451904,0.49939799308776855,0.588267982006073,0,-0.4317980110645294,-0.4014810025691986,0.8076900243759155,0,-0.8040590286254883,6.468951225280762,0,1
B13,mixamorig_LeftHandThumb3,12,0.9522669911384583,-0.25429901480674744,0.1688770055770874,0,0.21203933656215668,0.948989987373352,0.23335899412631989,0,-0.21960599720478058,-0.1864120066165924,0.957614004611969,0,-0.02882399968802929,6.6212639808654785,0,1
B14,mixamorig_LeftHandThumb4,13,1,0,0,0,0,1,0,0,0,0,1,0,0.8328819870948792,4.031230926513672,0,1
B15,mixamorig_LeftHandIndex1,10,0.996936023235321,0.05649666488170624,0.0541023351252079,0,-0.04566299915313721,-0.14124999940395355,0.9889199733734131,0,0.06351199746131897,-0.9883610010147095,-0.13823699951171875,0,0,12.757966995239258,0.030496999621391296,1
B16,mixamorig_LeftHandIndex2,15,0.9960700273513794,0.0612029992043972,0.06402765959501266,0,-0.05376766249537468,-0.15664634108543396,0.9861900210380554,0,0.07038699835538864,-0.9857569932937622,-0.15274034440517426,0,-0.04250999912619591,8.267902374267578,0,1
B17,mixamorig_LeftHandIndex3,16,0.9978569746017456,0.05522099882364273,0.03508799895644188,0,-0.06256366521120071,0.6484739780426025,0.7586619853973389,0,0.019139999523758888,-0.7592319846153259,0.650538980960846,0,-0.00784900039434433,6.516252040863037,0,1
B18,mixamorig_LeftHandIndex4,17,1,0,0,0,0,1,0,0,0,0,1,0,0.05035899952054024,2.6828460693359375,0,1
B19,mixamorig_RightShoulder,3,-0.06473493576049805,-0.0020967128220945597,0.9977520108222961,0,-0.975716769695282,-0.20781293511390686,-0.06365408003330231,0,0.20744743943214417,-0.9779317378997803,0.011762603186070919,0,-10.596755981445312,17.948366165161133,-0.008449999615550041,1
B20,mixamorig_RightArm,19,0.5209093689918518,-0.8351033329963684,0.16694866120815277,0,0.6253812313079834,0.508303701877594,0.5896217823028564,0,-0.5793694257736206,-0.20445716381072998,0.7885206341743469,0,0,22.379554748535156,0,1
B21,mixamorig_RightForeArm,20,0.023871954530477524,-0.008725828491151333,-0.9996768236160278,0,0.9156171083450317,-0.3953198790550232,0.025314699858427048,0,-0.3954143226146698,-0.9159253835678101,-0.001402675174176693,0,0,28.138479232788086,0,1
B22,mixamorig_RightHand,21,-0.6714159846305847,0.29543429613113403,0.6791320443153381,0,0.14177314937114716,0.9511793255805969,-0.27372750639915466,0,-0.7269238829612732,-0.08722822368144989,-0.6807942390441895,0,0,28.811059951782227,0,1
B23,mixamorig_RightHandThumb1,22,0.5733889937400818,-0.616021990776062,0.5401309728622437,0,0.14963634312152863,0.7269269824028015,0.6702136397361755,0,-0.8055019974708557,-0.3034699857234955,0.5089913606643677,0,4.600592136383057,5.64224910736084,0.000003999999989900971,1
B24,mixamorig_RightHandThumb2,23,0.5933449864387512,0.4271880090236664,0.6822410225868225,0,-0.7833970189094543,0.5012689828872681,0.36744898557662964,0,-0.18501700460910797,-0.7524889707565308,0.632082998752594,0,0.13544900715351105,5.822534084320068,0,1
B25,mixamorig_RightHandThumb3,24,0.979312002658844,-0.03399699926376343,0.19947965443134308,0,-0.0391089990735054,0.935401976108551,0.35141700506210327,0,-0.19854100048542023,-0.35194799304008484,0.9147210121154785,0,0.8527680039405823,6.61498498916626,0,1
B26,mixamorig_RightHandThumb4,25,1,0,0,0,0,1,0,0,0,0,1,0,-0.9882169961929321,5.189772129058838,0,1
B27,mixamorig_RightHandIndex1,22,0.9890786409378052,-0.06853500008583069,-0.13048599660396576,0,0.11071733385324478,-0.2389020025730133,0.9647110104560852,0,-0.09729000180959702,-0.9686220288276672,-0.22870400547981262,0,0,13.800995826721191,0.16380800306797028,1
B28,mixamorig_RightHandIndex2,27,0.9976480007171631,-0.051975999027490616,-0.044691335409879684,0,0.032228998839855194,-0.21976099908351898,0.9750210046768188,0,-0.060499001294374466,-0.9741680026054382,-0.2175689935684204,0,-0.274401992559433,8.156681060791016,0,1
B29,mixamorig_RightHandIndex3,28,0.9924169778823853,-0.12045499682426453,-0.024470999836921692,0,0.09427999705076218,0.6182339787483215,0.7803189754486084,0,-0.07886499911546707,-0.7767090201377869,0.6249023675918579,0,0.2813139855861664,5.285412788391113,0,1
B30,mixamorig_RightHandIndex4,29,1,0,0,0,0,1,0,0,0,0,1,0,-0.006910999771207571,3.211345911026001,0,1
B31,mixamorig_LeftUpLeg,0,-0.947921872138977,-0.2339872419834137,0.21601136028766632,0,0.2781134247779846,-0.9384168982505798,0.20419526100158691,0,0.15500962734222412,0.2536771595478058,0.9546217918395996,0,12.605878829956055,-6.8580322265625,1.4712300300598145,1
B32,mixamorig_LeftLeg,31,0.9868954420089722,-0.12245338410139084,-0.10505116730928421,0,0.06462541967630386,0.8966113924980164,-0.4380696713924408,0,0.147830531001091,0.4255380630493164,0.8927779793739319,0,0,25.38021469116211,0,1
B33,mixamorig_LeftFoot,32,0.9605785012245178,-0.27554789185523987,0.03450452908873558,0,0.2643580436706543,0.9453320503234863,0.1909225881099701,0,-0.08522000908851624,-0.1742621511220932,0.9809128642082214,0,0,25.528039932250977,0,1
B34,mixamorig_LeftToeBase,33,0.9999983310699463,0.0006704565603286028,-0.0015899178106337786,0,0.0013833536067977548,0.23895889520645142,0.9710228443145752,0,0.0010315823601558805,-0.9710238575935364,0.23895789682865143,0,0,11.876641273498535,0,1
B35,mixamorig_LeftToe_End,34,1,0,0,0,0,1,0,0,0,0,1,0,0,5.059882164001465,0,1
B36,mixamorig_RightUpLeg,0,-0.8843080997467041,0.41308343410491943,-0.21740493178367615,0,-0.44076812267303467,-0.8916314244270325,0.09897571057081223,0,-0.15321004390716553,0.18349996209144592,0.9705780148506165,0,-12.605878829956055,-6.8580322265625,2.208272933959961,1
B37,mixamorig_RightLeg,36,0.9956628680229187,0.04215330258011818,0.08267197012901306,0,0.05188324302434921,0.4847751259803772,-0.8729837536811829,0,-0.07683096826076508,0.8734899759292603,0.48051249980926514,0,0,25.355308532714844,0,1
B38,mixamorig_RightFoot,37,0.9853460192680359,0.16636556386947632,0.03753643482923508,0,-0.05863725394010544,0.12378524243831635,0.9905741214752197,0,0.1601502150297165,-0.9782599806785583,0.13172955811023712,0,0,25.555051803588867,0,1
B39,mixamorig_RightToeBase,38,0.9999139904975891,0,0.01308900024741888,0,-0.009467000141739845,0.690541684627533,0.7232306599617004,0,-0.009038000367581844,-0.7232926487922668,0.6904823184013367,0,0,12.444397926330566,0,1
B40,mixamorig_RightToe_End,39,1,0,0,0,0,1,0,0,0,0,1,0,0,5.198914051055908,0,1
@34,0,1,2,3,4,5,7,8,9,10,11,12,13,15,16,17,19,20,21,22,23,24,25,27,28,29,31,32,33,34,36,37,38,39
K0.000,0.9967830181121826,-0.03585899993777275,0.07167600095272064,0,0.043494999408721924,0.9932010173797607,-0.1079770028591156,0,-0.06731700152158737,0.11074700206518173,0.991566002368927,0,1.156411051750183,57.28089904785156,-1.6538259983062744,1,0.9949399828910828,0.06600700318813324,-0.07574799656867981,0,-0.037092000246047974,0.9419710040092468,0.333638995885849,0,0.09337499737739563,-0.3291409909725189,0.9396529793739319,0,0,12.362625122070312,-0.22119300067424774,1,0.9995909929275513,0.005080999806523323,-0.02816000021994114,0,-0.0015780000248923898,0.9923989772796631,0.12305200099945068,0,0.028571000322699547,-0.1229579970240593,0.9920009970664978,0,0,14.425357818603516,0,1,0.9995999932289124,0.005127000156790018,-0.02782299928367138,0,-0.0016629999736323953,0.9923909902572632,0.12311899662017822,0,0.028241999447345734,-0.12302300333976746,0.992002010345459,0,0,16.486127853393555,0,1,0.9973940253257751,0.05758899822831154,0.043467000126838684,0,-0.060398001223802567,0.9959679841995239,0.06633800268173218,0,-0.03947199881076813,-0.06879100203514099,0.9968500137329102,0,0,18.546897888183594,0,1,0.9864270091056824,0.0783350020647049,0.14430999755859375,0,-0.006283999886363745,0.8962309956550598,-0.4435420036315918,0,-0.16407999396324158,0.436614990234375,0.8845589756965637,0,0,11.590484619140625,1.570942997932434,1,-0.009103000164031982,0.007778000086545944,-0.9999279975891113,0,0.9604030251502991,-0.2784000039100647,-0.010909000411629677,0,-0.27846500277519226,-0.9604340195655823,-0.004935000091791153,0,10.596755981445312,17.94844627380371,-0.012966999784111977,1,0.9809619784355164,0.18519900739192963,-0.05843700096011162,0,-0.10948599874973297,0.7759439945220947,0.6212279796600342,0,0.16039399802684784,-0.6030030250549316,0.7814480066299438,0,0,22.379554748535156,0,1,0.03395700082182884,-0.0010290000354871154,0.9994230270385742,0,-0.7294120192527771,-0.6836509704589844,0.02407900057733059,0,0.6832320094108582,-0.72980797290802,-0.023965999484062195,0,0,28.140552520751953,0,1,-0.6506770253181458,-0.28819599747657776,-0.7025399804115295,0,0.048016998916864395,0.907712996006012,-0.4168339967727661,0,0.7578349709510803,-0.3049579858779907,-0.5767899751663208,0,0,28.80732536315918,0,1,0.7739009857177734,0.2624480128288269,-0.5763660073280334,0,0.043657999485731125,0.8858159780502319,0.4619779884815216,0,0.6317989826202393,-0.3826889991760254,0.6740760207176208,0,-5.613279819488525,5.90657901763916,0,1,0.6395379900932312,-0.7677329778671265,-0.03971699997782707,0,0.6360359787940979,0.49939799308776855,0.588267982006073,0,-0.4317980110645294,-0.4014810025691986,0.8076900243759155,0,-0.8040590286254883,6.468951225280762,0,1,0.9522669911384583,-0.25429901480674744,0.1688770055770874,0,0.21203899383544922,0.948989987373352,0.23335899412631989,0,-0.21960599720478058,-0.1864120066165924,0.957614004611969,0,-0.02882399968802929,6.6212639808654785,0,1,0.996936023235321,0.05649600178003311,0.05410199984908104,0,-0.04566200077533722,-0.14124999940395355,0.9889199733734131,0,0.06351199746131897,-0.9883610010147095,-0.13823699951171875,0,0,12.757966995239258,0.030496999621391296,1,0.9960700273513794,0.0612029992043972,0.06402699649333954,0,-0.05376699939370155,-0.1566469967365265,0.9861900210380554,0,0.07038699835538864,-0.9857569932937622,-0.1527400016784668,0,-0.04250999912619591,8.267902374267578,0,1,0.9978569746017456,0.05522099882364273,0.03508799895644188,0,-0.06256400048732758,0.6484739780426025,0.7586619853973389,0,0.019139999523758888,-0.7592319846153259,0.650538980960846,0,-0.00784900039434433,6.516252040863037,0,1,-0.05344799906015396,-0.002853000070899725,0.9985669851303101,0,-0.9734879732131958,-0.22257299721240997,-0.052740998566150665,0,0.22240400314331055,-0.9749119877815247,0.00911800004541874,0,-10.596755981445312,17.948366165161133,-0.008449999615550041,1,0.4731009900569916,-0.8809580206871033,-0.009442999958992004,0,0.7262979745864868,0.38393300771713257,0.5701640248298645,0,-0.4986650049686432,-0.2766039967536926,0.8214769959449768,0,0,22.379554748535156,0,1,0.024434000253677368,-0.00897200033068657,-0.9996610283851624,0,0.9414060115814209,-0.33626800775527954,0.026027999818325043,0,-0.3363879919052124,-0.9417229890823364,0.0002300000051036477,0,0,28.138479232788086,0,1,-0.7491509914398193,0.2910589873790741,0.5950270295143127,0,0.29783299565315247,0.9503750205039978,-0.08990100026130676,0,-0.5916659832000732,0.10986900329589844,-0.798662006855011,0,0,28.811059951782227,0,1,0.5733889937400818,-0.616021990776062,0.5401309728622437,0,0.14963600039482117,0.7269269824028015,0.670212984085083,0,-0.8055019974708557,-0.3034699857234955,0.5089920163154602,0,4.600592136383057,5.64224910736084,0.000003999999989900971,1,0.5933449864387512,0.4271880090236664,0.6822410225868225,0,-0.7833970189094543,0.5012689828872681,0.36744898557662964,0,-0.18501700460910797,-0.7524889707565308,0.632082998752594,0,0.13544900715351105,5.822534084320068,0,1,0.979312002658844,-0.03399699926376343,0.19947999715805054,0,-0.0391089990735054,0.935401976108551,0.35141700506210327,0,-0.19854100048542023,-0.35194799304008484,0.9147210121154785,0,0.8527680039405823,6.61498498916626,0,1,0.9890789985656738,-0.06853500008583069,-0.13048599660396576,0,0.11071799695491791,-0.23890100419521332,0.9647110104560852,0,-0.09729000180959702,-0.9686220288276672,-0.22870400547981262,0,0,13.800995826721191,0.16380800306797028,1,0.9976480007171631,-0.051975999027490616,-0.04469199851155281,0,0.032228998839855194,-0.21976099908351898,0.9750210046768188,0,-0.060499001294374466,-0.9741680026054382,-0.2175689935684204,0,-0.274401992559433,8.156681060791016,0,1,0.9924169778823853,-0.12045499682426453,-0.024470999836921692,0,0.09427999705076218,0.6182339787483215,0.7803189754486084,0,-0.07886499911546707,-0.7767090201377869,0.6249020099639893,0,0.2813139855861664,5.285412788391113,0,1,-0.8537589907646179,-0.44235000014305115,0.27462899684906006,0,0.515845000743866,-0.7902430295944214,0.33078598976135254,0,0.070701003074646,0.42407798767089844,0.902862012386322,0,12.605878829956055,-6.8580322265625,1.4712300300598145,1,0.9818900227546692,-0.09213999658823013,-0.16553300619125366,0,-0.08609200268983841,0.5613129734992981,-0.8231130242347717,0,0.16875800490379333,0.822458028793335,0.5432159900665283,0,0,25.38021469116211,0,1,0.9292309880256653,-0.3377009928226471,-0.14996099472045898,0,0.27491599321365356,0.36069801449775696,0.8912460207939148,0,-0.24688400328159332,-0.8693990111351013,0.4280110001564026,0,0,25.528039932250977,0,1,0.9999039769172668,0.000455000001238659,-0.01384699996560812,0,0.010765000246465206,0.6036139726638794,0.7972040176391602,0,0.008720999583601952,-0.7972760200500488,0.6035509705543518,0,0,11.876641273498535,0,1,-0.9876130223274231,0.14980800449848175,-0.04667799919843674,0,-0.15364199876785278,-0.8628389835357666,0.4815639853477478,0,0.03186599910259247,0.48276999592781067,0.8751670122146606,0,-12.605878829956055,-6.8580322265625,2.208272933959961,1,0.9848690032958984,0.10523500293493271,0.1376899927854538,0,0.08399400115013123,0.40509599447250366,-0.9104070067405701,0,-0.15158499777317047,0.9081969857215881,0.3901279866695404,0,0,25.355308532714844,0,1,0.9870749711990356,0.1552100032567978,0.03990200161933899,0,-0.07951699942350388,0.2581709921360016,0.9628210067749023,0,0.13913799822330475,-0.9535499811172485,0.2671760022640228,0,0,25.555051803588867,0,1,0.9999139904975891,0,0.01308900024741888,0,-0.009467000141739845,0.690542995929718,0.7232300043106079,0,-0.009038000367581844,-0.7232919931411743,0.6904829740524292,0,0,12.444397926330566,0,1
K0.033,0.994845986366272,-0.04302806779742241,0.09181719273328781,0,0.05165607109665871,0.9942539930343628,-0.09375884383916855,0,-0.08725520223379135,0.0980178564786911,0.9913520216941833,0,1.8068498373031616,57.30516052246094,-1.6391621828079224,1,0.9955970048904419,0.06305195391178131,-0.06935995072126389,0,-0.03972000256180763,0.9540151357650757,0.29711562395095825,0,0.08490392565727234,-0.293052613735199,0.9523191452026367,0,0,12.362625122070312,-0.22119300067424774,1,0.9995840191841125,-0.006398093421012163,-0.028139997273683548,0,0.00977409165352583,0.9925379753112793,0.12154597043991089,0,0.02715298719704151,-0.1217699721455574,0.9921870231628418,0,0,14.425357818603516,0,1,0.9996129870414734,-0.006244092248380184,-0.027104992419481277,0,0.009502090513706207,0.9925100207328796,0.12179096788167953,0,0.026140982285141945,-0.12200096994638443,0.9921860098838806,0,0,16.486127853393555,0,1,0.9970160126686096,0.06389505416154861,0.04331999644637108,0,-0.06643804907798767,0.995980978012085,0.06006297841668129,0,-0.03930799663066864,-0.06276197731494904,0.9972540140151978,0,0,18.546897888183594,0,1,0.9860529899597168,0.09212514013051987,0.13861194252967834,0,-0.025986207649111748,0.9078401327133179,-0.41851067543029785,0,-0.16439299285411835,0.409071683883667,0.8975721001625061,0,0,11.590484619140625,1.570942997932434,1,0.013281235471367836,0.00813001673668623,-0.999879002571106,0,0.9700580835342407,-0.24262765049934387,0.010912231169641018,0,-0.242509663105011,-0.970085084438324,-0.011109061539173126,0,10.596755981445312,17.94844627380371,-0.012966999784111977,1,0.9774537086486816,0.18818815052509308,0.09575645625591278,0,-0.20795196294784546,0.7793450355529785,0.5910805463790894,0,0.03660684451460838,-0.59766685962677,0.800908088684082,0,0,22.379554748535156,0,1,0.033886998891830444,-0.001091000740416348,0.9994249939918518,0,-0.7731655240058899,-0.6336902976036072,0.025524016469717026,0,0.6332972645759583,-0.7735865116119385,-0.022317977622151375,0,0,28.140552520751953,0,1,-0.6817333102226257,-0.26072368025779724,-0.6835668087005615,0,0.08339735120534897,0.9005579352378845,-0.42666205763816833,0,0.7268326282501221,-0.3478763997554779,-0.5921961665153503,0,0,28.80732536315918,0,1,0.7739009857177734,0.2624489963054657,-0.5763660073280334,0,0.043657999485731125,0.8858159780502319,0.4619790017604828,0,0.6317999958992004,-0.3826889991760254,0.6740760207176208,0,-5.613279819488525,5.90657901763916,0,1,0.6395379900932312,-0.7677329778671265,-0.03971799835562706,0,0.6360359787940979,0.49939799308776855,0.588267982006073,0,-0.4317980110645294,-0.4014819860458374,0.8076900243759155,0,-0.8040590286254883,6.468951225280762,0,1,0.9522669911384583,-0.25429901480674744,0.1688770055770874,0,0.21203899383544922,0.948989987373352,0.23336000740528107,0,-0.21960599720478058,-0.1864120066165924,0.957614004611969,0,-0.02882399968802929,6.6212639808654785,0,1,0.996936023235321,0.05649600178003311,0.05410299822688103,0,-0.04566299915313721,-0.14124999940395355,0.9889199733734131,0,0.06351199746131897,-0.9883610010147095,-0.13823699951171875,0,0,12.757966995239258,0.030496999621391296,1,0.9960700273513794,0.061202000826597214,0.06402699649333954,0,-0.05376699939370155,-0.1566469967365265,0.9861900210380554,0,0.07038699835538864,-0.9857569932937622,-0.1527400016784668,0,-0.04250999912619591,8.267902374267578,0,1,0.9978569746017456,0.05522099882364273,0.03508799895644188,0,-0.06256300210952759,0.6484739780426025,0.7586619853973389,0,0.019139999523758888,-0.7592319846153259,0.650538980960846,0,-0.00784900039434433,6.516252040863037,0,1,-0.03724581003189087,-0.0028460058383643627,0.9993020296096802,0,-0.9789510369300842,-0.20070376992225647,-0.03705881908535957,0,0.2006697803735733,-0.9796480536460876,0.004688952583819628,0,-10.596755981445312,17.948366165161133,-0.008449999615550041,1,0.4305185079574585,-0.8948480486869812,-0.1179000735282898,0,0.7842485308647156,0.3062102198600769,0.5396195650100708,0,-0.44677549600601196,-0.3247795104980469,0.8336130380630493,0,0,22.379554748535156,0,1,0.02549901232123375,-0.009283001534640789,-0.9996320009231567,0,0.9741112589836121,-0.22445660829544067,0.0269320048391819,0,-0.22462362051010132,-0.9744402170181274,0.0033200380858033895,0,0,28.138479232788086,0,1,-0.7491419315338135,0.26907074451446533,0.6053001880645752,0,0.3130141496658325,0.9491209387779236,-0.034509383141994476,0,-0.5837889313697815,0.1636156141757965,-0.7952488660812378,0,0,28.811059951782227,0,1,0.5733889937400818,-0.616021990776062,0.5401309728622437,0,0.14963699877262115,0.7269269824028015,0.670212984085083,0,-0.8055019974708557,-0.3034699857234955,0.5089920163154602,0,4.600592136383057,5.64224910736084,0.000003999999989900971,1,0.5933449864387512,0.4271880090236664,0.6822410225868225,0,-0.7833970189094543,0.5012689828872681,0.36744898557662964,0,-0.18501600623130798,-0.7524889707565308,0.632082998752594,0,0.13544900715351105,5.822534084320068,0,1,0.979312002658844,-0.03399699926376343,0.19947999715805054,0,-0.0391089990735054,0.935401976108551,0.35141700506210327,0,-0.19854100048542023,-0.35194799304008484,0.9147210121154785,0,0.8527680039405823,6.61498498916626,0,1,0.9890779852867126,-0.06853500008583069,-0.13048599660396576,0,0.11071799695491791,-0.2389020025730133,0.9647110104560852,0,-0.09729000180959702,-0.9686220288276672,-0.2287050038576126,0,0,13.800995826721191,0.16380800306797028,1,0.9976480007171631,-0.051975999027490616,-0.04469199851155281,0,0.032228998839855194,-0.21976099908351898,0.9750210046768188,0,-0.060499001294374466,-0.9741680026054382,-0.21756799519062042,0,-0.274401992559433,8.156681060791016,0,1,0.9924169778823853,-0.12045499682426453,-0.024470999836921692,0,0.09427999705076218,0.6182339787483215,0.7803189754486084,0,-0.07886400073766708,-0.7767090201377869,0.6249020099639893,0,0.2813139855861664,5.285412788391113,0,1,-0.8557959794998169,-0.43986397981643677,0.2722719609737396,0,0.5133509635925293,-0.7871109843254089,0.3419450521469116,0,0.0638989806175232,0.432407021522522,0.8994119763374329,0,12.605878829956055,-6.8580322265625,1.4712300300598145,1,0.9827970266342163,-0.09696802496910095,-0.15718390047550201,0,-0.08119692653417587,0.5375558733940125,-0.8393100500106812,0,0.16588094830513,0.8376340866088867,0.5204348564147949,0,0,25.38021469116211,0,1,0.9332830309867859,-0.3371109962463379,-0.12384873628616333,0,0.24480971693992615,0.34483787417411804,0.9061760902404785,0,-0.26277410984039307,-0.8760380744934082,0.4043598175048828,0,0,25.528039932250977,0,1,0.9998959898948669,0.00033099896972998977,-0.014412004500627518,0,0.01112500298768282,0.6180911064147949,0.7860279679298401,0,0.009169003926217556,-0.7861069440841675,0.6180230975151062,0,0,11.876641273498535,0,1,-0.9857839941978455,0.15661907196044922,-0.06082716956734657,0,-0.1659911423921585,-0.8518019318580627,0.49687010049819946,0,0.026005912572145462,0.4999031126499176,0.8656909465789795,0,-12.605878829956055,-6.8580322265625,2.208272933959961,1,0.9822850227355957,0.1251271665096283,0.13950103521347046,0,0.07527090609073639,0.4182782471179962,-0.905194878578186,0,-0.17161418497562408,0.8996588587760925,0.4014502465724945,0,0,25.355308532714844,0,1,0.9875900149345398,0.15067794919013977,0.044289086014032364,0,-0.08499009907245636,0.2756132483482361,0.9575039148330688,0,0.1320689171552658,-0.949385941028595,0.2849992513656616,0,0,25.555051803588867,0,1,0.9999139904975891,0,0.01308900024741888,0,-0.009467000141739845,0.6905419826507568,0.7232300043106079,0,-0.009038000367581844,-0.7232919931411743,0.6904829740524292,0,0,12.444397926330566,0,1
K0.067,0.9925280213356018,-0.049645934253931046,0.11146080493927002,0,0.058565933257341385,0.995212972164154,-0.0782361552119255,0,-0.10704280436038971,0.08417913317680359,0.9906839728355408,0,2.4861972332000732,57.5060920715332,-1.5524837970733643,1,0.996192991733551,0.058647044003009796,-0.06450304388999939,0,-0.040192995220422745,0.965540885925293,0.25713038444519043,0,0.07736007124185562,-0.2535593807697296,0.9642218947410583,0,0,12.362625122070312,-0.22119300067424774,1,0.9994869828224182,-0.015734907239675522,-0.027887001633644104,0,0.018930908292531967,0.9927970170974731,0.11830203235149384,0,0.025824012234807014,-0.11876902729272842,0.9925860166549683,0,0,14.425357818603516,0,1,0.999534010887146,-0.015475907362997532,-0.026318008080124855,0,0.018495909869670868,0.9927579760551453,0.11869902908802032,0,0.024291018024086952,-0.11913003027439117,0.9925810098648071,0,0,16.486127853393555,0,1,0.9966729879379272,0.06924394518136978,0.043000005185604095,0,-0.071680948138237,0.9957410097122192,0.05798802152276039,0,-0.03880200535058975,-0.06087701767683029,0.9973909854888916,0,0,18.546897888183594,0,1,0.9854120016098022,0.10592586547136307,0.13320505619049072,0,-0.04667579382658005,0.9208918809890747,-0.3870123326778412,0,-0.16366200149059296,0.37514933943748474,0.9124018549919128,0,0,11.590484619140625,1.570942997932434,1,0.036842767149209976,0.009843983687460423,-0.9992730021476746,0,0.9774729609489441,-0.20830634236335754,0.03398676961660385,0,-0.2078203409910202,-0.9780139327049255,-0.017296938225626945,0,10.596755981445312,17.94844627380371,-0.012966999784111977,1,0.9490553140640259,0.20348985493183136,0.2405945509672165,0,-0.30513104796409607,0.7840909361839294,0.5404594540596008,0,-0.07866985350847244,-0.5863391160964966,0.8062359690666199,0,0,22.379554748535156,0,1,0.033789001405239105,-0.0011649993248283863,0.9994279742240906,0,-0.825206458568573,-0.5641747117042542,0.02724098414182663,0,0.5638197064399719,-0.8256544470787048,-0.020024022087454796,0,0,28.140552520751953,0,1,-0.7112486958503723,-0.22801533341407776,-0.6649321913719177,0,0.11830765008926392,0.8936060667037964,-0.432979941368103,0,0.6929133534431458,-0.3866236209869385,-0.608599841594696,0,0,28.80732536315918,0,1,0.7739009857177734,0.2624489963054657,-0.5763660073280334,0,0.043657999485731125,0.8858159780502319,0.4619779884815216,0,0.6317989826202393,-0.3826889991760254,0.6740760207176208,0,-5.613279819488525,5.90657901763916,0,1,0.6395379900932312,-0.7677329778671265,-0.03971799835562706,0,0.6360359787940979,0.49939799308776855,0.588267982006073,0,-0.4317980110645294,-0.4014810025691986,0.8076900243759155,0,-0.8040590286254883,6.468951225280762,0,1,0.9522669911384583,-0.25429901480674744,0.1688770055770874,0,0.21203899383544922,0.948989987373352,0.23335899412631989,0,-0.21960599720478058,-0.1864120066165924,0.957614004611969,0,-0.02882399968802929,6.6212639808654785,0,1,0.996936023235321,0.0564970001578331,0.05410199984908104,0,-0.04566200077533722,-0.14124999940395355,0.9889199733734131,0,0.06351199746131897,-0.9883610010147095,-0.13823699951171875,0,0,12.757966995239258,0.030496999621391296,1,0.9960700273513794,0.061202000826597214,0.06402800232172012,0,-0.05376800149679184,-0.1566469967365265,0.9861900210380554,0,0.07038699835538864,-0.9857569932937622,-0.1527400016784668,0,-0.04250999912619591,8.267902374267578,0,1,0.9978569746017456,0.05522099882364273,0.03508799895644188,0,-0.06256400048732758,0.6484730243682861,0.7586619853973389,0,0.019140999764204025,-0.7592319846153259,0.650538980960846,0,-0.00784900039434433,6.516252040863037,0,1,-0.018444186076521873,-0.003419994143769145,0.9998239874839783,0,-0.983756959438324,-0.1785232275724411,-0.01875918172299862,0,0.1785552203655243,-0.9839299321174622,-0.0000709526939317584,0,-10.596755981445312,17.948366165161133,-0.008449999615550041,1,0.37852349877357483,-0.8978749513626099,-0.22481194138526917,0,0.8372094631195068,0.2285507768392563,0.4968344271183014,0,-0.39471352100372314,-0.37627848982810974,0.8382209539413452,0,0,22.379554748535156,0,1,0.02681598626077175,-0.009490998461842537,-0.9995949864387512,0,0.9959057569503784,-0.08610337972640991,0.02753499522805214,0,-0.0863293707370758,-0.9962407350540161,0.007142961956560612,0,0,28.138479232788086,0,1,-0.7457780838012695,0.24207426607608795,0.6206568479537964,0,0.32906684279441833,0.9439130425453186,0.027251385152339935,0,-0.5792500376701355,0.2245613932609558,-0.7836081385612488,0,0,28.811059951782227,0,1,0.5733889937400818,-0.616021990776062,0.5401309728622437,0,0.14963699877262115,0.7269269824028015,0.670212984085083,0,-0.8055019974708557,-0.3034699857234955,0.5089920163154602,0,4.600592136383057,5.64224910736084,0.000003999999989900971,1,0.5933449864387512,0.4271880090236664,0.6822410225868225,0,-0.7833970189094543,0.5012689828872681,0.36744898557662964,0,-0.18501700460910797,-0.7524889707565308,0.632082998752594,0,0.13544900715351105,5.822534084320068,0,1,0.979312002658844,-0.03399699926376343,0.19947999715805054,0,-0.0391089990735054,0.935401976108551,0.35141700506210327,0,-0.19854100048542023,-0.35194799304008484,0.9147210121154785,0,0.8527680039405823,6.61498498916626,0,1,0.9890789985656738,-0.06853500008583069,-0.13048599660396576,0,0.11071699857711792,-0.2389020025730133,0.9647110104560852,0,-0.09729000180959702,-0.9686220288276672,-0.2287050038576126,0,0,13.800995826721191,0.16380800306797028,1,0.9976480007171631,-0.051975999027490616,-0.04469199851155281,0,0.032228998839855194,-0.21976099908351898,0.9750210046768188,0,-0.060499001294374466,-0.9741680026054382,-0.2175689935684204,0,-0.274401992559433,8.156681060791016,0,1,0.9924169778823853,-0.12045499682426453,-0.024470999836921692,0,0.09427899867296219,0.6182339787483215,0.7803189754486084,0,-0.07886400073766708,-0.7767090201377869,0.6249030232429504,0,0.2813139855861664,5.285412788391113,0,1,-0.8586090207099915,-0.43577703833580017,0.2699800431728363,0,0.5089320540428162,-0.787775993347168,0.346983939409256,0,0.06147602200508118,0.4353239834308624,0.8981720209121704,0,12.605878829956055,-6.8580322265625,1.4712300300598145,1,0.9841960072517395,-0.09917597472667694,-0.14670510590076447,0,-0.07346607744693756,0.5251210927963257,-0.8478509187698364,0,0.16112405061721802,0.8452289700508118,0.5095361471176147,0,0,25.38021469116211,0,1,0.936790943145752,-0.33585700392723083,-0.0980982556939125,0,0.21586528420448303,0.3341251313686371,0.9174758791923523,0,-0.27536287903785706,-0.8806589245796204,0.38550516963005066,0,0,25.528039932250977,0,1,0.9998900294303894,0.00023000100918579847,-0.014840994961559772,0,0.011393996886909008,0.6289598941802979,0.7773550748825073,0,0.009512996301054955,-0.7774380445480347,0.6288878917694092,0,0,11.876641273498535,0,1,-0.9833930134773254,0.1639259308576584,-0.07789082825183868,0,-0.18067485094070435,-0.8436020612716675,0.5056599378585815,0,0.017182087525725365,0.5113348960876465,0.8592100739479065,0,-12.605878829956055,-6.8580322265625,2.208272933959961,1,0.979682981967926,0.1416478306055069,0.14197497069835663,0,0.06542409956455231,0.44346776604652405,-0.893899142742157,0,-0.1895798146724701,0.8850271105766296,0.4251907467842102,0,0,25.355308532714844,0,1,0.9878510236740112,0.14617404341697693,0.05275191366672516,0,-0.09487390518188477,0.29843175411224365,0.9497040510177612,0,0.12308008968830109,-0.9431710839271545,0.30867475271224976,0,0,25.555051803588867,0,1,0.9999139904975891,0,0.01308900024741888,0,-0.009467000141739845,0.6905419826507568,0.7232300043106079,0,-0.009038000367581844,-0.7232919931411743,0.6904829740524292,0,0,12.444397926330566,0,1
K0.100,0.9897509813308716,-0.05722400173544884,0.13083599507808685,0,0.06590799987316132,0.9958329796791077,-0.06302899867296219,0,-0.12668399512767792,0.07100600004196167,0.9893990159034729,0,3.184931993484497,57.88761901855469,-1.3937560319900513,1,0.996737003326416,0.05223099887371063,-0.061542000621557236,0,-0.03767399862408638,0.9753130078315735,0.21759000420570374,0,0.07138700038194656,-0.21456199884414673,0.9740980267524719,0,0,12.362625122070312,-0.22119300067424774,1,0.9993849992752075,-0.021988000720739365,-0.027313999831676483,0,0.024946000427007675,0.9932649731636047,0.11315099895000458,0,0.02464199997484684,-0.1137629970908165,0.9932019710540771,0,0,14.425357818603516,0,1,0.9994419813156128,-0.021642999723553658,-0.025458000600337982,0,0.024403000250458717,0.9932209849357605,0.11364799737930298,0,0.022825999185442924,-0.11420600116252899,0.9931949973106384,0,0,16.486127853393555,0,1,0.9964050054550171,0.07312999665737152,0.042757999151945114,0,-0.075655996799469,0.9952790141105652,0.06078900024294853,0,-0.03811100125312805,-0.0638049989938736,0.9972339868545532,0,0,18.546897888183594,0,1,0.9840279817581177,0.12165699899196625,0.12995900213718414,0,-0.06913799792528152,0.9339140057563782,-0.3507480025291443,0,-0.16404199600219727,0.33616000413894653,0.9274089932441711,0,0,11.590484619140625,1.570942997932434,1,0.06076100096106529,0.012583999894559383,-0.9980729818344116,0,0.9824050068855286,-0.1776680052280426,0.05756700038909912,0,-0.17660099267959595,-0.9840099811553955,-0.02315800078213215,0,10.596755981445312,17.94844627380371,-0.012966999784111977,1,0.900443971157074,0.23348699510097504,0.3669939935207367,0,-0.39673399925231934,0.7867680191993713,0.47286099195480347,0,-0.17833200097084045,-0.5713840126991272,0.8010730147361755,0,0,22.379554748535156,0,1,0.03365499898791313,-0.001246000058017671,0.9994329810142517,0,-0.8828909993171692,-0.4686729907989502,0.029146000742912292,0,0.4683699905872345,-0.8833709955215454,-0.01687300018966198,0,0,28.140552520751953,0,1,-0.7359449863433838,-0.18992799520492554,-0.6498559713363647,0,0.15254700183868408,0.8886489868164062,-0.43247300386428833,0,0.6596320271492004,-0.4174099862575531,-0.6250240206718445,0,0,28.80732536315918,0,1,0.7739009857177734,0.2624489963054657,-0.5763660073280334,0,0.043657999485731125,0.8858159780502319,0.4619779884815216,0,0.6317999958992004,-0.3826889991760254,0.6740760207176208,0,-5.613279819488525,5.90657901763916,0,1,0.63953697681427,-0.7677329778671265,-0.03971699997782707,0,0.6360359787940979,0.49939799308776855,0.588267982006073,0,-0.4317980110645294,-0.4014810025691986,0.8076900243759155,0,-0.8040590286254883,6.468951225280762,0,1,0.9522669911384583,-0.25429901480674744,0.1688770055770874,0,0.21203899383544922,0.948989987373352,0.23335899412631989,0,-0.21960599720478058,-0.1864120066165924,0.957614004611969,0,-0.02882399968802929,6.6212639808654785,0,1,0.996936023235321,0.05649600178003311,0.05410199984908104,0,-0.04566299915313721,-0.14124999940395355,0.9889199733734131,0,0.06351199746131897,-0.9883610010147095,-0.13823699951171875,0,0,12.757966995239258,0.030496999621391296,1,0.9960700273513794,0.061202000826597214,0.06402800232172012,0,-0.05376800149679184,-0.1566469967365265,0.9861900210380554,0,0.07038699835538864,-0.9857569932937622,-0.1527400016784668,0,-0.04250999912619591,8.267902374267578,0,1,0.9978569746017456,0.05522099882364273,0.03508799895644188,0,-0.06256300210952759,0.6484739780426025,0.7586619853973389,0,0.019139999523758888,-0.7592319846153259,0.650538980960846,0,-0.00784900039434433,6.516252040863037,0,1,0.003433999139815569,-0.0047530001029372215,0.999983012676239,0,-0.9876520037651062,-0.15663999319076538,0.002646998967975378,0,0.15662500262260437,-0.9876440167427063,-0.005231999792158604,0,-10.596755981445312,17.948366165161133,-0.008449999615550041,1,0.32020899653434753,-0.8893579840660095,-0.3263550102710724,0,0.8819310069084167,0.15405899286270142,0.44549399614334106,0,-0.3459259867668152,-0.43047401309013367,0.8336830139160156,0,0,22.379554748535156,0,1,0.028382999822497368,-0.009496999904513359,-0.9995520114898682,0,0.9965479969978333,0.07830799371004105,0.027552999556064606,0,0.07801099121570587,-0.9968839883804321,0.011687000282108784,0,0,28.138479232788086,0,1,-0.7402269840240479,0.20955400168895721,0.6388670206069946,0,0.346437007188797,0.9332200288772583,0.09529700130224228,0,-0.5762330293655396,0.2918680012226105,-0.7633919715881348,0,0,28.811059951782227,0,1,0.5733889937400818,-0.616021990776062,0.5401309728622437,0,0.14963600039482117,0.7269269824028015,0.670212984085083,0,-0.8055019974708557,-0.3034699857234955,0.508991003036499,0,4.600592136383057,5.64224910736084,0.000003999999989900971,1,0.5933449864387512,0.4271880090236664,0.6822410225868225,0,-0.7833970189094543,0.5012689828872681,0.36744898557662964,0,-0.18501700460910797,-0.7524889707565308,0.632082998752594,0,0.13544900715351105,5.822534084320068,0,1,0.979312002658844,-0.03399699926376343,0.19947999715805054,0,-0.0391089990735054,0.935401976108551,0.35141700506210327,0,-0.19854100048542023,-0.35194799304008484,0.9147210121154785,0,0.8527680039405823,6.61498498916626,0,1,0.9890789985656738,-0.06853500008583069,-0.13048599660396576,0,0.11071799695491791,-0.2389020025730133,0.9647110104560852,0,-0.09729000180959702,-0.9686220288276672,-0.22870400547981262,0,0,13.800995826721191,0.16380800306797028,1,0.9976480007171631,-0.051975999027490616,-0.04469199851155281,0,0.032228998839855194,-0.21976099908351898,0.9750210046768188,0,-0.060499001294374466,-0.9741680026054382,-0.2175689935684204,0,-0.274401992559433,8.156681060791016,0,1,0.9924169778823853,-0.12045499682426453,-0.024470999836921692,0,0.09427899867296219,0.6182339787483215,0.7803189754486084,0,-0.07886499911546707,-0.7767090201377869,0.6249030232429504,0,0.2813139855861664,5.285412788391113,0,1,-0.8611680269241333,-0.4314979910850525,0.2686989903450012,0,0.5042639970779419,-0.7918329834938049,0.34455400705337524,0,0.06408999860286713,0.43221500515937805,0.8994899988174438,0,12.605878829956055,-6.8580322265625,1.4712300300598145,1,0.9860140085220337,-0.09728000313043594,-0.13532400131225586,0,-0.06479500234127045,0.5243330001831055,-0.8490440249443054,0,0.15354999899864197,0.8459380269050598,0.5106970071792603,0,0,25.38021469116211,0,1,0.9396479725837708,-0.33375900983810425,-0.0752749964594841,0,0.19075100123882294,0.32839199900627136,0.9250800013542175,0,-0.28403401374816895,-0.8836079835891724,0.3722369968891144,0,0,25.528039932250977,0,1,0.9998859763145447,0.00016399999731220305,-0.015107999555766582,0,0.01155799999833107,0.6356769800186157,0.7718679904937744,0,0.009730000048875809,-0.7719550132751465,0.6356030106544495,0,0,11.876641273498535,0,1,-0.9808769822120667,0.16953499615192413,-0.09559600055217743,0,-0.1945589929819107,-0.8408120274543762,0.5051559805870056,0,0.005263000261038542,0.5140950083732605,0.857716977596283,0,-12.605878829956055,-6.8580322265625,2.208272933959961,1,0.9776790142059326,0.15199999511241913,0.14504900574684143,0,0.054680000990629196,0.4825020134449005,-0.8741869926452637,0,-0.20286299288272858,0.8626049757003784,0.4634209871292114,0,0,25.355308532714844,0,1,0.9875100255012512,0.14284299314022064,0.0664760023355484,0,-0.11050199717283249,0.32717999815940857,0.9384790062904358,0,0.11230599880218506,-0.9341030120849609,0.3388789892196655,0,0,25.555051803588867,0,1,0.9999150037765503,-0.000015999999959603883,0.013040999881923199,0,-0.009436000138521194,0.6893579959869385,0.7243589758872986,0,-0.009000999853014946,-0.7244210243225098,0.6892989873886108,0,0,12.444397926330566,0,1
