1.567,30,47,49
B0,mixamorig_Hips,-1,0.9920257925987244,0.12520454823970795,-0.014418346807360649,0,-0.0023153156507760286,-0.09627864509820938,-0.9953517913818359,0,-0.12601137161254883,0.9874482154846191,-0.0952208861708641,0,-0.0010006481315940619,0.9845240116119385,0.005702258087694645,1
B1,mixamorig_Spine,0,0.9993910193443298,-0.03338083624839783,-0.01013188250362873,0,0.03252464160323143,0.9966286420822144,-0.07532108575105667,0,0.012611335143446922,0.07494635134935379,0.9971078634262085,0,0,0.11444400250911713,-0.01017799973487854,1
B2,mixamorig_Spine1,1,0.9994980692863464,-0.0068755135871469975,-0.030917277559638023,0,0.008018060587346554,0.9992836117744446,0.03698224201798439,0,0.030640792101621628,-0.03721121326088905,0.9988371729850769,0,0,0.13404400646686554,0,1
B3,mixamorig_Spine2,2,0.9995285272598267,-0.006707882042974234,-0.029957983642816544,0,0.007817234843969345,0.9992821216583252,0.0370657816529274,0,0.029687725007534027,-0.03728226572275162,0.9988636374473572,0,0,0.15319399535655975,0,1
B4,mixamorig_Neck,3,0.970191478729248,-0.054317038506269455,-0.23616527020931244,0,0.059733256697654724,0.9980881810188293,0.015830248594284058,0,0.2348538637161255,-0.02946668304502964,0.9715819954872131,0,0,0.17234300076961517,0,1
B5,mixamorig_Head,4,0.6747284531593323,-0.04270379617810249,-0.7367992401123047,0,0.053979527205228806,0.9985055923461914,-0.008451119996607304,0,0.7360584735870361,-0.034074816852808,0.6760255694389343,0,0,0.07242800295352936,0.02046399936079979,1
B6,mixamorig_HeadTop_End,5,1,0,0,0,0,1,0,0,0,0,1,0,0,0.28603100776672363,0.08081699907779694,1
B7,mixamorig_LeftShoulder,3,-0.01589438132941723,0.01137470081448555,-0.9998087882995605,0,0.9591510891914368,-0.28229057788848877,-0.018459530547261238,0,-0.2824461758136749,-0.9592607617378235,-0.00642321677878499,0,0.08439800143241882,0.1542699933052063,-0.001420999993570149,1
B8,mixamorig_LeftArm,7,0.800423800945282,0.3791826367378235,-0.4642646014690399,0,0.17594082653522491,0.5917806029319763,0.7866630554199219,0,0.5730323195457458,-0.711347222328186,0.4069618284702301,0,0,0.176256000995636,0,1
B9,mixamorig_LeftForeArm,8,0.1885795146226883,0.9786777496337891,0.0814061313867569,0,-0.9792177677154541,0.1810874044895172,0.09132441878318787,0,0.07463594526052475,-0.0969366729259491,0.9924881458282471,0,0,0.26062801480293274,0,1
B10,mixamorig_LeftHand,9,0.983695387840271,0.17692647874355316,-0.03225883096456528,0,-0.16144603490829468,0.9477754831314087,0.275058776140213,0,0.07923964411020279,-0.2653656601905823,0.960886538028717,0,0,0.30293598771095276,0,1
B11,mixamorig_LeftHandThumb1,10,0.9849460124969482,0.05729199945926666,-0.16309399902820587,0,-0.013143000192940235,0.965569019317627,0.2598150074481964,0,0.1723639965057373,-0.2537600100040436,0.9517859816551208,0,-0.03558199852705002,0.03471500054001808,0.0179820004850626,1
B12,mixamorig_LeftHandThumb2,11,0.9897800087928772,-0.13817299902439117,0.035255998373031616,0,0.13495273888111115,0.9874979853630066,0.08146200329065323,0,-0.04607100039720535,-0.07587125897407532,0.9960529804229736,0,-0.011547000147402287,0.04068399965763092,0,1
B13,mixamorig_LeftHandThumb3,12,0.9769729971885681,0.21274299919605255,0.01627800054848194,0,-0.20104199647903442,0.9434149861335754,-0.2637229859828949,0,-0.0714619979262352,0.25437700748443604,0.9644610285758972,0,0.0003440000000409782,0.04336100071668625,0,1
B14,mixamorig_LeftHandThumb4,13,1,0,0,0,0,1,0,0,0,0,1,0,0.011203000321984291,0.02608400024473667,0,1
B15,mixamorig_LeftHandIndex1,10,0.9355419874191284,-0.3511660099029541,-0.038001999258995056,0,0.3237279951572418,0.8094260096549988,0.4899287223815918,0,-0.14128699898719788,-0.4706510007381439,0.870934009552002,0,-0.030254999175667763,0.0924220010638237,-0.0029690000228583813,1
B16,mixamorig_LeftHandIndex2,15,0.9999162554740906,-0.012636999599635601,-0.0027020000852644444,0,0.012769999913871288,0.934211015701294,0.3564920127391815,0,-0.0019809999503195286,-0.35649698972702026,0.9342939853668213,0,-0.00004600000102072954,0.04382700100541115,0,1
B17,mixamorig_LeftHandIndex3,16,0.9999979734420776,-0.0018850000342354178,0.0008430000161752105,0,0.0014619999565184116,0.9346209764480591,0.3556419909000397,0,-0.00145800004247576,-0.3556399941444397,0.9346219897270203,0,-0.00011700000322889537,0.04208400100469589,0,1
B18,mixamorig_LeftHandIndex4,17,1,0,0,0,0,1,0,0,0,0,1,0,0.0001630000042496249,0.029791999608278275,0,1
B19,mixamorig_LeftHandMiddle1,10,0.937794029712677,-0.3464980125427246,-0.02194399945437908,0,0.3214539885520935,0.8426552414894104,0.43197101354599,0,-0.13118599355220795,-0.4121539890766144,0.9016199707984924,0,0.030254999175667763,0.09769400209188461,-0.0008580000139772892,1
B20,mixamorig_LeftHandMiddle2,19,0.999584972858429,-0.028322000056505203,-0.005249000154435635,0,0.028341000899672508,0.9344930052757263,0.35485100746154785,0,-0.0051449998281896114,-0.3548530042171478,0.9349079728126526,0,0.00032900000223889947,0.04351399838924408,0,1
B21,mixamorig_LeftHandMiddle3,20,0.9999690055847168,-0.007216999772936106,-0.0030070000793784857,0,0.007814999669790268,0.9348790049552917,0.3548809885978699,0,0.0002500000118743628,-0.3548940122127533,0.9349070191383362,0,-0.00030700000934302807,0.041228998452425,0,1
B22,mixamorig_LeftHandMiddle4,21,1,0,0,0,0,1,0,0,0,0,1,0,-0.000022000000171829015,0.0284000001847744,0,1
B23,mixamorig_RightShoulder,3,0.023948483169078827,-0.018201224505901337,0.99954754114151,0,-0.9203447103500366,-0.3908217251300812,0.01493469625711441,0,0.39037322998046875,-0.9202864766120911,-0.026111513376235962,0,-0.08439800143241882,0.15430200099945068,-0.001791000016964972,1
B24,mixamorig_RightArm,23,0.6946004629135132,-0.3239917457103729,0.6423081159591675,0,-0.07653976231813431,0.8544934391975403,0.5137926340103149,0,-0.7153119444847107,-0.4060426950454712,0.5687333941459656,0,0,0.176256000995636,0,1
B25,mixamorig_RightForeArm,24,-0.19944381713867188,-0.9726912975311279,-0.11871548742055893,0,0.9731093049049377,-0.2108488231897354,0.09273900091648102,0,-0.11523748934268951,-0.0970272570848465,0.9885879755020142,0,0,0.26068800687789917,0,1
B26,mixamorig_RightHand,25,0.6997881531715393,-0.46239128708839417,-0.5445097088813782,0,0.5233830213546753,0.8506456613540649,-0.0497223436832428,0,0.48617568612098694,-0.25019189715385437,0.8372790813446045,0,0,0.30286499857902527,0,1
B27,mixamorig_RightHandThumb1,26,0.9892709851264954,-0.047380998730659485,0.13819299638271332,0,0.01916399970650673,0.9798589944839478,0.19876700639724731,0,-0.1448269933462143,-0.19398599863052368,0.9702550172805786,0,0.03401000052690506,0.03209599852561951,0.015340999700129032,1
B28,mixamorig_RightHandThumb2,27,0.9707480072975159,0.23526400327682495,-0.04795325547456741,0,-0.23202699422836304,0.9705610275268555,0.06461100280284882,0,0.061742257326841354,-0.05159425735473633,0.996757984161377,0,0.008879000321030617,0.03835799917578697,0,1
B29,mixamorig_RightHandThumb3,28,0.9048359990119934,0.402375727891922,-0.13916200399398804,0,-0.4229697287082672,0.8868970274925232,-0.18577200174331665,0,0.048672258853912354,0.22695399820804596,0.9726880192756653,0,0.0005050000036135316,0.04577599838376045,0,1
B30,mixamorig_RightHandThumb4,29,1,0,0,0,0,1,0,0,0,0,1,0,-0.00938399974256754,0.03418999910354614,0,1
B31,mixamorig_RightHandIndex1,26,0.9464269876480103,0.321152001619339,0.03372799977660179,0,-0.28857898712158203,0.7942879796028137,0.5346289873123169,0,0.14490799605846405,-0.515720784664154,0.8444132208824158,0,0.027792999520897865,0.08787400275468826,-0.0026360000483691692,1
B32,mixamorig_RightHandIndex2,31,0.999705970287323,0.023879999294877052,0.004160741809755564,0,-0.02401999942958355,0.9528980255126953,0.30233925580978394,0,0.0032550001051276922,-0.3023509979248047,0.9531909823417664,0,-0.00003899999865097925,0.0465410016477108,0,1
B33,mixamorig_RightHandIndex3,32,0.9999300241470337,0.011614258401095867,0.002114000031724572,0,-0.011710000224411488,0.9530850052833557,0.3024750053882599,0,0.0014979999978095293,-0.30247899889945984,0.953154981136322,0,0.00015700000221841037,0.043063998222351074,0,1
B34,mixamorig_RightHandIndex4,33,1,0,0,0,0,1,0,0,0,0,1,0,-0.00011700000322889537,0.02995700016617775,0,1
B35,mixamorig_RightHandMiddle1,26,0.9521980285644531,0.3023892641067505,0.04334799945354462,0,-0.2813270092010498,0.8127350211143494,0.5102120041847229,0,0.11905299872159958,-0.4980179965496063,0.8589552640914917,0,-0.027792999520897865,0.09750500321388245,-0.003776000114157796,1
B36,mixamorig_RightHandMiddle2,35,0.9999319911003113,0.011398741975426674,0.00228899996727705,0,-0.01155600044876337,0.9529470205307007,0.3029162585735321,0,0.001272000023163855,-0.3029222786426544,0.9530140161514282,0,0.000007000000096013537,0.042941998690366745,0,1
B37,mixamorig_RightHandMiddle3,36,0.9999939799308777,0.0035540000535547733,0.0003969999961555004,0,-0.0035069999285042286,0.9529970288276672,0.30295926332473755,0,0.0006982578197494149,-0.30295899510383606,0.9530029892921448,0,0.00012199999764561653,0.04036400094628334,0,1
B38,mixamorig_RightHandMiddle4,37,1,0,0,0,0,1,0,0,0,0,1,0,-0.0001289999927394092,0.031518999487161636,0,1
B39,mixamorig_LeftUpLeg,0,-0.9495041370391846,-0.1967819482088089,0.24437390267848969,0,0.15366026759147644,-0.9707211256027222,-0.1846320927143097,0,0.27355051040649414,-0.13775810599327087,0.9519414305686951,0,0.10198800265789032,-0.06357400119304657,-0.009731000289320946,1
B40,mixamorig_LeftLeg,39,0.9983369708061218,0.04593490809202194,-0.034836545586586,0,-0.04873380437493324,0.9952508211135864,-0.08426370471715927,0,0.030800068750977516,0.08582070469856262,0.9958338737487793,0,0,0.4025239944458008,0,1
B41,mixamorig_LeftFoot,40,0.8142356872558594,-0.2223961502313614,0.5362462401390076,0,-0.10383664071559906,0.8530240654945374,0.511436939239502,0,-0.5711724758148193,-0.4721124768257141,0.6714698076248169,0,0,0.31850001215934753,0,1
B42,mixamorig_LeftToeBase,41,0.9537472128868103,0.05469164624810219,-0.2955935001373291,0,0.16273973882198334,0.7328209280967712,0.6606735587120056,0,0.2527507245540619,-0.6782197952270508,0.6900254487991333,0,0,0.15866300463676453,0,1
B43,mixamorig_LeftToe_End,42,1,0,0,0,0,1,0,0,0,0,1,0,0,0.06464000046253204,0,1
B44,mixamorig_RightUpLeg,0,-0.9394152760505676,0.22401323914527893,-0.25945454835891724,0,-0.20525923371315002,-0.9738273024559021,-0.09761639684438705,0,-0.2745315134525299,-0.038446664810180664,0.9608094096183777,0,-0.10198800265789032,-0.06357400119304657,-0.008768999949097633,1
B45,mixamorig_RightLeg,44,0.9988635182380676,-0.04719002917408943,0.006678284145891666,0,0.04765359312295914,0.991187334060669,-0.12360002100467682,0,-0.0007872840506024659,0.12377798557281494,0.9923098087310791,0,0,0.40252798795700073,0,1
B46,mixamorig_RightFoot,45,0.821821391582489,0.20635342597961426,-0.5310637354850769,0,0.08331247419118881,0.8785620331764221,0.4703060984611511,0,0.5636213421821594,-0.43075162172317505,0.7048289775848389,0,0,0.31898099184036255,0,1
B47,mixamorig_RightToeBase,46,0.9653232097625732,-0.03234950825572014,0.2590453326702118,0,-0.14864300191402435,0.7476240396499634,0.6472735404968262,0,-0.2146078646183014,-0.663333535194397,0.7168905138969421,0,0,0.1515520066022873,0,1
B48,mixamorig_RightToe_End,47,1,0,0,0,0,1,0,0,0,0,1,0,0,0.06456399708986282,0,1
@40,0,1,2,3,4,5,7,8,9,10,11,12,13,15,16,17,19,20,21,23,24,25,26,27,28,29,31,32,33,35,36,37,39,40,41,42,44,45,46,47
K0.000,0.9920129776000977,0.12523600459098816,-0.015065000392496586,0,-0.003106999909505248,-0.09513100236654282,-0.9954599738121033,0,-0.12610100209712982,0.987555980682373,-0.09398200362920761,0,-0.0010359999723732471,0.9837390184402466,0.005785999819636345,1,0.9993910193443298,-0.03316900134086609,-0.010847999714314938,0,0.032262999564409256,0.9966520071029663,-0.07512199878692627,0,0.013302999548614025,0.07472699880599976,0.9971150159835815,0,0,0.11444400250911713,-0.01017799973487854,1,0.9994720220565796,-0.007335999980568886,-0.03166700154542923,0,0.008534000255167484,0.9992460012435913,0.037877000868320465,0,0.03136499971151352,-0.038127999752759933,0.9987810254096985,0,0,0.13404400646686554,0,1,0.9994789958000183,-0.0074629997834563255,-0.03141200169920921,0,0.00865700002759695,0.9992390275001526,0.038033999502658844,0,0.03110400028526783,-0.0382860004901886,0.9987829923629761,0,0,0.15319399535655975,0,1,0.9661530256271362,-0.06447099894285202,-0.249781996011734,0,0.06987500190734863,0.9974730014801025,0.012821000069379807,0,0.24832500517368317,-0.029841000214219093,0.9682170152664185,0,0,0.17234300076961517,0,1,0.6940119862556458,-0.04357200115919113,-0.7186440229415894,0,0.05352000147104263,0.9985269904136658,-0.008856000378727913,0,0.7179719805717468,-0.032315999269485474,0.6953219771385193,0,0,0.07242800295352936,0.02046399936079979,1,-0.02556000091135502,0.012418000027537346,-0.9995959997177124,0,0.958175003528595,-0.2848060131072998,-0.028039000928401947,0,-0.2850390076637268,-0.9585049748420715,-0.0046190000139176846,0,0.08439800143241882,0.1542699933052063,-0.001420999993570149,1,0.7953159809112549,0.38964200019836426,-0.46438300609588623,0,0.16427600383758545,0.5988630056381226,0.7838209867477417,0,0.583512008190155,-0.6996729969978333,0.4122759997844696,0,0,0.176256000995636,0,1,0.18914300203323364,0.9785739779472351,0.08135399967432022,0,-0.979112982749939,0.18165600299835205,0.09131500124931335,0,0.07457999885082245,-0.0969260036945343,0.9924929738044739,0,0,0.26062801480293274,0,1,0.9840120077133179,0.17594300210475922,-0.02765600010752678,0,-0.16171200573444366,0.9476839900016785,0.2752169966697693,0,0.07463199645280838,-0.26634499430656433,0.9609839916229248,0,0,0.30293598771095276,0,1,0.9849460124969482,0.05729199945926666,-0.16309399902820587,0,-0.013143000192940235,0.965569019317627,0.2598150074481964,0,0.1723639965057373,-0.2537600100040436,0.9517859816551208,0,-0.03558199852705002,0.03471500054001808,0.0179820004850626,1,0.9897800087928772,-0.13817299902439117,0.035255998373031616,0,0.13495199382305145,0.9874979853630066,0.08146200329065323,0,-0.04607100039720535,-0.07587199658155441,0.9960529804229736,0,-0.011547000147402287,0.04068399965763092,0,1,0.9769729971885681,0.21274299919605255,0.016279000788927078,0,-0.20104199647903442,0.9434149861335754,-0.2637229859828949,0,-0.07146299630403519,0.25437700748443604,0.9644610285758972,0,0.0003440000000409782,0.04336100071668625,0,1,0.9355419874191284,-0.3511660099029541,-0.038001999258995056,0,0.3237279951572418,0.8094260096549988,0.4899289906024933,0,-0.14128699898719788,-0.4706510007381439,0.870934009552002,0,-0.030254999175667763,0.0924220010638237,-0.0029690000228583813,1,0.9999169707298279,-0.012636999599635601,-0.0027020000852644444,0,0.012769999913871288,0.934211015701294,0.3564920127391815,0,-0.0019809999503195286,-0.35649698972702026,0.9342939853668213,0,-0.00004600000102072954,0.04382700100541115,0,1,0.9999979734420776,-0.0018850000342354178,0.0008430000161752105,0,0.0014619999565184116,0.9346209764480591,0.3556419909000397,0,-0.00145800004247576,-0.3556399941444397,0.9346219897270203,0,-0.00011700000322889537,0.04208400100469589,0,1,0.937794029712677,-0.3464980125427246,-0.021942999213933945,0,0.3214530050754547,0.8426550030708313,0.4319719970226288,0,-0.13118599355220795,-0.4121539890766144,0.9016199707984924,0,0.030254999175667763,0.09769400209188461,-0.0008580000139772892,1,0.999584972858429,-0.028322000056505203,-0.005249000154435635,0,0.028341000899672508,0.9344930052757263,0.35485100746154785,0,-0.0051449998281896114,-0.3548530042171478,0.9349079728126526,0,0.00032900000223889947,0.04351399838924408,0,1,0.9999690055847168,-0.007216999772936106,-0.0030070000793784857,0,0.007814999669790268,0.9348790049552917,0.3548809885978699,0,0.0002500000118743628,-0.3548940122127533,0.9349070191383362,0,-0.00030700000934302807,0.041228998452425,0,1,0.01904899999499321,-0.019432999193668365,0.9996299743652344,0,-0.9172099828720093,-0.39828601479530334,0.00973500031977892,0,0.3979490101337433,-0.9170550107955933,-0.025411000475287437,0,-0.08439800143241882,0.15430200099945068,-0.001791000016964972,1,0.694989025592804,-0.3202340006828308,0.6437699794769287,0,-0.07333000004291534,0.8591079711914062,0.5065140128135681,0,-0.71527099609375,-0.3992289900779724,0.5735880136489868,0,0,0.176256000995636,0,1,-0.2032579928636551,-0.9718570113182068,-0.11907900124788284,0,0.9722750186920166,-0.21469800174236298,0.09265899658203125,0,-0.11561799794435501,-0.09694399684667587,0.9885519742965698,0,0,0.26068800687789917,0,1,0.7010859847068787,-0.460875004529953,-0.5441259741783142,0,0.5212780237197876,0.8519250154495239,-0.04993399977684021,0,0.4865669906139374,-0.2486329972743988,0.8375170230865479,0,0,0.30286499857902527,0,1,0.9892709851264954,-0.047380998730659485,0.13819299638271332,0,0.01916399970650673,0.9798589944839478,0.19876700639724731,0,-0.1448269933462143,-0.19398699700832367,0.9702550172805786,0,0.03401000052690506,0.03209599852561951,0.015340999700129032,1,0.9707480072975159,0.23526400327682495,-0.04795299842953682,0,-0.23202699422836304,0.9705610275268555,0.06461100280284882,0,0.06174200028181076,-0.051594000309705734,0.996757984161377,0,0.008879000321030617,0.03835799917578697,0,1,0.9048359990119934,0.4023759961128235,-0.13916200399398804,0,-0.4229690134525299,0.8868970274925232,-0.18577100336551666,0,0.04867300018668175,0.22695399820804596,0.9726889729499817,0,0.0005050000036135316,0.04577599838376045,0,1,0.9464269876480103,0.321152001619339,0.03372799977660179,0,-0.28857898712158203,0.7942879796028137,0.5346289873123169,0,0.14490799605846405,-0.515720009803772,0.8444139957427979,0,0.027792999520897865,0.08787400275468826,-0.0026360000483691692,1,0.999705970287323,0.023879999294877052,0.0041600000113248825,0,-0.02401999942958355,0.9528980255126953,0.30234000086784363,0,0.0032550001051276922,-0.3023509979248047,0.9531909823417664,0,-0.00003899999865097925,0.0465410016477108,0,1,0.9999300241470337,0.011614999733865261,0.002114000031724572,0,-0.011710000224411488,0.9530850052833557,0.3024750053882599,0,0.0014979999978095293,-0.30247899889945984,0.953154981136322,0,0.00015700000221841037,0.043063998222351074,0,1,0.9521980285644531,0.302388995885849,0.04334799945354462,0,-0.2813270092010498,0.8127350211143494,0.5102120041847229,0,0.11905200034379959,-0.4980179965496063,0.858955979347229,0,-0.027792999520897865,0.09750500321388245,-0.003776000114157796,1,0.9999319911003113,0.011398999951779842,0.00228899996727705,0,-0.01155600044876337,0.9529470205307007,0.3029159903526306,0,0.001272000023163855,-0.30292201042175293,0.9530140161514282,0,0.000007000000096013537,0.042941998690366745,0,1,0.9999939799308777,0.0035540000535547733,0.0003969999961555004,0,-0.0035069999285042286,0.9529970288276672,0.30296000838279724,0,0.0006990000256337225,-0.30295899510383606,0.9530029892921448,0,0.00012199999764561653,0.04036400094628334,0,1,-0.9498050212860107,-0.19567200541496277,0.24409499764442444,0,0.15317100286483765,-0.9711970090866089,-0.18252399563789368,0,0.2727789878845215,-0.13597500324249268,0.9524189829826355,0,0.10198800265789032,-0.06357400119304657,-0.009731000289320946,1,0.998507022857666,0.04711399972438812,-0.02762800082564354,0,-0.049261998385190964,0.9953240156173706,-0.08308199793100357,0,0.0235849991440773,0.08431900292634964,0.9961599707603455,0,0,0.4025239944458008,0,1,0.8124250173568726,-0.22172200679779053,0.5392630100250244,0,-0.10371100157499313,0.8551759719848633,0.507856011390686,0,-0.5737680196762085,-0.4685229957103729,0.6717720031738281,0,0,0.31850001215934753,0,1,0.9545400142669678,0.047116998583078384,-0.2943350076675415,0,0.16250699758529663,0.7455260157585144,0.6463609933853149,0,0.24988800287246704,-0.664808988571167,0.7039780020713806,0,0,0.15866300463676453,0,1,-0.9395509958267212,0.22375600039958954,-0.25918498635292053,0,-0.20570099353790283,-0.9739760160446167,-0.0951709970831871,0,-0.273734986782074,-0.036104001104831696,0.961126983165741,0,-0.10198800265789032,-0.06357400119304657,-0.008768999949097633,1,0.9986950159072876,-0.05049600079655647,-0.007619999814778566,0,0.0491579994559288,0.9910110235214233,-0.12442000210285187,0,0.013833999633789062,0.12388300150632858,0.9922000169754028,0,0,0.40252798795700073,0,1,0.8196060061454773,0.21024399995803833,-0.5329570174217224,0,0.08113600313663483,0.8782659769058228,0.47123798727989197,0,0.5671529769897461,-0.4294719994068146,0.7027739882469177,0,0,0.31898099184036255,0,1,0.9654690027236938,-0.0308810006827116,0.2586809992790222,0,-0.14863499999046326,0.7501869797706604,0.644303023815155,0,-0.21395599842071533,-0.6605039834976196,0.7196930050849915,0,0,0.1515520066022873,0,1
K0.033,0.9920129776000977,0.12523600459098816,-0.015053000301122665,0,-0.0030960000585764647,-0.09512899816036224,-0.9954599738121033,0,-0.12610000371932983,0.987555980682373,-0.09398200362920761,0,-0.0010339999571442604,0.9837419986724854,0.005770999938249588,1,0.9993910193443298,-0.033156998455524445,-0.010847002267837524,0,0.03225100040435791,0.9966530203819275,-0.07512199878692627,0,0.013301001861691475,0.07472699880599976,0.9971150159835815,0,0,0.11444400250911713,-0.01017799973487854,1,0.9994699954986572,-0.007235997822135687,-0.03172900527715683,0,0.008436997421085835,0.9992470145225525,0.03787999600172043,0,0.03143100440502167,-0.038127996027469635,0.9987779855728149,0,0,0.13404400646686554,0,1,0.9995020031929016,-0.007263997104018927,-0.030720995739102364,0,0.008431997150182724,0.999239981174469,0.038047995418310165,0,0.030420996248722076,-0.038287997245788574,0.998803973197937,0,0,0.15319399535655975,0,1,0.9703739881515503,-0.06243394687771797,-0.23340298235416412,0,0.06507594883441925,0.9978740215301514,0.0036260157357901335,0,0.23267997801303864,-0.018707001581788063,0.9723730087280273,0,0,0.17234300076961517,0,1,0.6860859990119934,-0.03569401055574417,-0.7266449928283691,0,0.051620002835989,0.9986670017242432,-0.00031700803083367646,0,0.7256870269775391,-0.03729299455881119,0.6870129704475403,0,0,0.07242800295352936,0.02046399936079979,1,-0.02513398788869381,0.01241299882531166,-0.9996070265769958,0,0.957921028137207,-0.2856990098953247,-0.02763298712670803,0,-0.28593000769615173,-0.9582390189170837,-0.004710002802312374,0,0.08439800143241882,0.1542699933052063,-0.001420999993570149,1,0.7956169843673706,0.3882899880409241,-0.4649989902973175,0,0.16533800959587097,0.5992590188980103,0.7832959890365601,0,0.5828009843826294,-0.7000849843025208,0.4125809967517853,0,0,0.176256000995636,0,1,0.188619002699852,0.9786710143089294,0.08140300214290619,0,-0.9792100191116333,0.18112699687480927,0.09132400155067444,0,0.07463199645280838,-0.09693600237369537,0.9924889802932739,0,0,0.26062801480293274,0,1,0.9840120077133179,0.17594300210475922,-0.02765600010752678,0,-0.16171300411224365,0.9476839900016785,0.2752169966697693,0,0.07463199645280838,-0.26634499430656433,0.9609839916229248,0,0,0.30293598771095276,0,1,0.9849460124969482,0.05729199945926666,-0.16309399902820587,0,-0.013143000192940235,0.965569019317627,0.2598150074481964,0,0.1723639965057373,-0.2537600100040436,0.9517859816551208,0,-0.03558199852705002,0.03471500054001808,0.0179820004850626,1,0.9897800087928772,-0.13817299902439117,0.035255998373031616,0,0.13495300710201263,0.9874979853630066,0.08146200329065323,0,-0.04607100039720535,-0.07587099820375443,0.9960529804229736,0,-0.011547000147402287,0.04068399965763092,0,1,0.9769729971885681,0.21274299919605255,0.01627800054848194,0,-0.20104199647903442,0.9434149861335754,-0.2637229859828949,0,-0.0714619979262352,0.25437799096107483,0.9644610285758972,0,0.0003440000000409782,0.04336100071668625,0,1,0.9355419874191284,-0.3511660099029541,-0.038001999258995056,0,0.3237279951572418,0.8094260096549988,0.4899289906024933,0,-0.14128699898719788,-0.4706510007381439,0.870934009552002,0,-0.030254999175667763,0.0924220010638237,-0.0029690000228583813,1,0.9999160170555115,-0.012636999599635601,-0.0027020000852644444,0,0.012769999913871288,0.934211015701294,0.3564920127391815,0,-0.0019809999503195286,-0.35649698972702026,0.9342939853668213,0,-0.00004600000102072954,0.04382700100541115,0,1,0.9999979734420776,-0.0018850000342354178,0.0008430000161752105,0,0.0014619999565184116,0.9346209764480591,0.3556419909000397,0,-0.00145800004247576,-0.3556399941444397,0.9346219897270203,0,-0.00011700000322889537,0.04208400100469589,0,1,0.937794029712677,-0.3464980125427246,-0.02194399945437908,0,0.3214539885520935,0.8426550030708313,0.43197101354599,0,-0.13118599355220795,-0.4121539890766144,0.9016199707984924,0,0.030254999175667763,0.09769400209188461,-0.0008580000139772892,1,0.999584972858429,-0.028322000056505203,-0.005249000154435635,0,0.028341000899672508,0.9344930052757263,0.35485100746154785,0,-0.0051449998281896114,-0.3548530042171478,0.9349079728126526,0,0.00032900000223889947,0.04351399838924408,0,1,0.9999690055847168,-0.007218000013381243,-0.0030070000793784857,0,0.007814999669790268,0.9348790049552917,0.3548809885978699,0,0.0002500000118743628,-0.3548940122127533,0.934906005859375,0,-0.00030700000934302807,0.041228998452425,0,1,0.017064977437257767,-0.019328000023961067,0.9996680021286011,0,-0.9174230098724365,-0.39783498644828796,0.007968980818986893,0,0.39754799008369446,-0.9172539710998535,-0.0245209913700819,0,-0.08439800143241882,0.15430200099945068,-0.001791000016964972,1,0.6936950087547302,-0.32248401641845703,0.6440420150756836,0,-0.07078197598457336,0.8593199849128723,0.5065169930458069,0,-0.7167819738388062,-0.3969549834728241,0.5732799768447876,0,0,0.176256000995636,0,1,-0.20263999700546265,-0.9719930291175842,-0.1190200001001358,0,0.9724109768867493,-0.2140749990940094,0.09267300367355347,0,-0.11555600166320801,-0.09695799648761749,0.9885579943656921,0,0,0.26068800687789917,0,1,0.700577974319458,-0.46075698733329773,-0.5448790192604065,0,0.5210689902305603,0.8520179986953735,-0.05051400512456894,0,0.4875220060348511,-0.24853000044822693,0.8369920253753662,0,0,0.30286499857902527,0,1,0.9892709851264954,-0.0473800003528595,0.13819299638271332,0,0.01916399970650673,0.9798589944839478,0.19876700639724731,0,-0.1448269933462143,-0.19398599863052368,0.9702550172805786,0,0.03401000052690506,0.03209599852561951,0.015340999700129032,1,0.9707480072975159,0.23526400327682495,-0.047954000532627106,0,-0.23202699422836304,0.9705610275268555,0.06461100280284882,0,0.06174299865961075,-0.05159499868750572,0.996757984161377,0,0.008879000321030617,0.03835799917578697,0,1,0.9048359990119934,0.4023750126361847,-0.13916200399398804,0,-0.4229690134525299,0.8868970274925232,-0.18577100336551666,0,0.04867300018668175,0.22695399820804596,0.9726880192756653,0,0.0005050000036135316,0.04577599838376045,0,1,0.9464269876480103,0.321152001619339,0.03372799977660179,0,-0.28857898712158203,0.7942879796028137,0.5346289873123169,0,0.14490799605846405,-0.5157210230827332,0.8444129824638367,0,0.027792999520897865,0.08787400275468826,-0.0026360000483691692,1,0.999705970287323,0.023879999294877052,0.0041600000113248825,0,-0.02401999942958355,0.9528980255126953,0.30234000086784363,0,0.0032550001051276922,-0.3023509979248047,0.9531909823417664,0,-0.00003899999865097925,0.0465410016477108,0,1,0.9999300241470337,0.011614999733865261,0.0021150000393390656,0,-0.011710000224411488,0.9530850052833557,0.3024750053882599,0,0.0014979999978095293,-0.30247899889945984,0.953154981136322,0,0.00015700000221841037,0.043063998222351074,0,1,0.9521980285644531,0.3023900091648102,0.04334799945354462,0,-0.2813270092010498,0.8127350211143494,0.5102120041847229,0,0.11905299872159958,-0.4980179965496063,0.8589550256729126,0,-0.027792999520897865,0.09750500321388245,-0.003776000114157796,1,0.9999319911003113,0.011398999951779842,0.00228899996727705,0,-0.01155600044876337,0.9529470205307007,0.3029159903526306,0,0.001272000023163855,-0.30292201042175293,0.9530140161514282,0,0.000007000000096013537,0.042941998690366745,0,1,0.9999939799308777,0.0035540000535547733,0.0003969999961555004,0,-0.0035069999285042286,0.9529970288276672,0.30296000838279724,0,0.0006990000256337225,-0.30295899510383606,0.9530029892921448,0,0.00012199999764561653,0.04036400094628334,0,1,-0.9497740268707275,-0.19587500393390656,0.24405600130558014,0,0.1533219963312149,-0.9711319804191589,-0.18274299800395966,0,0.27280500531196594,-0.1361449956893921,0.9523869752883911,0,0.10198800265789032,-0.06357400119304657,-0.009731000289320946,1,0.9984310269355774,0.04660400003194809,-0.03104500100016594,0,-0.04904400184750557,0.9953340291976929,-0.08309000730514526,0,0.027028001844882965,0.08448300510644913,0.9960579872131348,0,0,0.4025239944458008,0,1,0.8124669790267944,-0.22103600203990936,0.5394819974899292,0,-0.10380599647760391,0.8557109832763672,0.5069339871406555,0,-0.5736920237541199,-0.46786901354789734,0.6722919940948486,0,0,0.31850001215934753,0,1,0.9538189768791199,0.05400500074028969,-0.2954869866371155,0,0.16271600127220154,0.7339829802513123,0.65938800573349,0,0.2524920105934143,-0.6770169734954834,0.6912999749183655,0,0,0.15866300463676453,0,1,-0.9394590258598328,0.22420600056648254,-0.2591310143470764,0,-0.2061610072851181,-0.9738759994506836,-0.09519799798727036,0,-0.27370598912239075,-0.03601200133562088,0.9611390233039856,0,-0.10198800265789032,-0.06357400119304657,-0.008768999949097633,1,0.998803973197937,-0.04889100044965744,-0.0006829978083260357,0,0.04842299968004227,0.99098801612854,-0.12489400058984756,0,0.006782997865229845,0.12471099942922592,0.992169976234436,0,0,0.40252798795700073,0,1,0.8196280002593994,0.20884500443935394,-0.533473014831543,0,0.08138500154018402,0.8792979717254639,0.46926799416542053,0,0.5670859813690186,-0.4280419945716858,0.7037000060081482,0,0,0.31898099184036255,0,1,0.9653710126876831,-0.03186799958348274,0.25892600417137146,0,-0.1486389935016632,0.7484660148620605,0.6463009715080261,0,-0.2143940031528473,-0.6624069809913635,0.7178099751472473,0,0,0.1515520066022873,0,1
K0.067,0.9920129776000977,0.12523700296878815,-0.015057999640703201,0,-0.0031010000966489315,-0.09512999653816223,-0.9954599738121033,0,-0.12610100209712982,0.987555980682373,-0.09398200362920761,0,-0.0010349999647587538,0.9837560057640076,0.005768999923020601,1,0.9993889927864075,-0.033160001039505005,-0.011009997688233852,0,0.032242000102996826,0.9966530203819275,-0.0751269981265068,0,0.013463998213410378,0.07472699880599976,0.9971129894256592,0,0,0.11444400250911713,-0.01017799973487854,1,0.9994649887084961,-0.006982002407312393,-0.03194999694824219,0,0.008185002952814102,0.9992570281028748,0.03766000270843506,0,0.03166299685835838,-0.03790200501680374,0.9987800121307373,0,0,0.13404400646686554,0,1,0.9995160102844238,-0.0069640027359128,-0.030319003388285637,0,0.008110002614557743,0.9992510080337524,0.03783400356769562,0,0.03003300353884697,-0.03806200250983238,0.9988240003585815,0,0,0.15319399535655975,0,1,0.9711949825286865,-0.057200051844120026,-0.23132000863552094,0,0.06003304943442345,0.998183012008667,0.005218984093517065,0,0.2306010127067566,-0.018955998122692108,0.9728639721870422,0,0,0.17234300076961517,0,1,0.6887419819831848,-0.03667999058961868,-0.7240779995918274,0,0.05200599506497383,0.9986460208892822,-0.001119991997256875,0,0.7231389880180359,-0.03688500449061394,0.6897169947624207,0,0,0.07242800295352936,0.02046399936079979,1,-0.023805012926459312,0.012348000891506672,-0.9996399879455566,0,0.9577800035476685,-0.2862919867038727,-0.026345012709498405,0,-0.2865149974822998,-0.958063006401062,-0.005011997185647488,0,0.08439800143241882,0.1542699933052063,-0.001420999993570149,1,0.7960219979286194,0.3869599997997284,-0.46541398763656616,0,0.16653698682785034,0.5992349982261658,0.7830600142478943,0,0.5819060206413269,-0.700842022895813,0.41256099939346313,0,0,0.176256000995636,0,1,0.18845699727535248,0.9787009954452515,0.0814180001616478,0,-0.9792400002479553,0.18096399307250977,0.0913269966840744,0,0.07464800029993057,-0.09693899750709534,0.9924870133399963,0,0,0.26062801480293274,0,1,0.9839990139007568,0.17601700127124786,-0.0276309996843338,0,-0.16178999841213226,0.9476699829101562,0.27522000670433044,0,0.07462800294160843,-0.2663460075855255,0.9609839916229248,0,0,0.30293598771095276,0,1,0.9849460124969482,0.05729199945926666,-0.16309399902820587,0,-0.013143000192940235,0.965569019317627,0.2598150074481964,0,0.1723639965057373,-0.2537600100040436,0.9517859816551208,0,-0.03558199852705002,0.03471500054001808,0.0179820004850626,1,0.9897800087928772,-0.13817299902439117,0.035255998373031616,0,0.13495300710201263,0.9874979853630066,0.08146200329065323,0,-0.04607100039720535,-0.07587099820375443,0.9960529804229736,0,-0.011547000147402287,0.04068399965763092,0,1,0.9769729971885681,0.21274299919605255,0.01627800054848194,0,-0.20104199647903442,0.9434149861335754,-0.2637229859828949,0,-0.07146299630403519,0.25437700748443604,0.9644610285758972,0,0.0003440000000409782,0.04336100071668625,0,1,0.9355419874191284,-0.3511660099029541,-0.03800100088119507,0,0.3237279951572418,0.8094260096549988,0.4899289906024933,0,-0.14128699898719788,-0.4706510007381439,0.870934009552002,0,-0.030254999175667763,0.0924220010638237,-0.0029690000228583813,1,0.9999169707298279,-0.012636999599635601,-0.0027020000852644444,0,0.012769999913871288,0.934211015701294,0.3564920127391815,0,-0.0019809999503195286,-0.35649698972702026,0.9342939853668213,0,-0.00004600000102072954,0.04382700100541115,0,1,0.9999979734420776,-0.0018850000342354178,0.0008430000161752105,0,0.0014619999565184116,0.9346209764480591,0.3556419909000397,0,-0.00145800004247576,-0.3556399941444397,0.9346219897270203,0,-0.00011700000322889537,0.04208400100469589,0,1,0.937794029712677,-0.3464980125427246,-0.021942999213933945,0,0.3214539885520935,0.8426560163497925,0.43197101354599,0,-0.13118599355220795,-0.4121539890766144,0.9016199707984924,0,0.030254999175667763,0.09769400209188461,-0.0008580000139772892,1,0.999584972858429,-0.028322000056505203,-0.005249000154435635,0,0.028341000899672508,0.9344930052757263,0.35485199093818665,0,-0.0051449998281896114,-0.3548530042171478,0.9349079728126526,0,0.00032900000223889947,0.04351399838924408,0,1,0.9999690055847168,-0.007216999772936106,-0.0030070000793784857,0,0.007814999669790268,0.9348790049552917,0.3548809885978699,0,0.0002500000118743628,-0.3548940122127533,0.9349070191383362,0,-0.00030700000934302807,0.041228998452425,0,1,0.014882021583616734,-0.0192709993571043,0.9997040033340454,0,-0.9178230166435242,-0.3969449996948242,0.0060120197013020515,0,0.3967120051383972,-0.917639970779419,-0.023595008999109268,0,-0.08439800143241882,0.15430200099945068,-0.001791000016964972,1,0.692425012588501,-0.3247849643230438,0.6442530155181885,0,-0.06869002431631088,0.8592169880867004,0.5069789886474609,0,-0.7182120084762573,-0.3952990174293518,0.5726339817047119,0,0,0.176256000995636,0,1,-0.20195400714874268,-0.9721440076828003,-0.11895500123500824,0,0.9725620150566101,-0.21338200569152832,0.09268700331449509,0,-0.11548800021409988,-0.0969730019569397,0.9885640144348145,0,0,0.26068800687789917,0,1,0.7001950144767761,-0.46057501435279846,-0.5455250144004822,0,0.5207840204238892,0.8521620035171509,-0.05102299526333809,0,0.4883759915828705,-0.24837499856948853,0.8365399837493896,0,0,0.30286499857902527,0,1,0.9892709851264954,-0.047380998730659485,0.13819299638271332,0,0.01916399970650673,0.9798589944839478,0.19876700639724731,0,-0.1448269933462143,-0.19398599863052368,0.9702550172805786,0,0.03401000052690506,0.03209599852561951,0.015340999700129032,1,0.9707480072975159,0.23526400327682495,-0.047954000532627106,0,-0.23202699422836304,0.9705610275268555,0.06461100280284882,0,0.06174299865961075,-0.051594000309705734,0.996757984161377,0,0.008879000321030617,0.03835799917578697,0,1,0.9048359990119934,0.4023750126361847,-0.13916200399398804,0,-0.4229690134525299,0.8868970274925232,-0.18577100336551666,0,0.04867300018668175,0.22695399820804596,0.9726889729499817,0,0.0005050000036135316,0.04577599838376045,0,1,0.9464269876480103,0.321152001619339,0.03372799977660179,0,-0.28857898712158203,0.7942879796028137,0.5346289873123169,0,0.14490799605846405,-0.515720009803772,0.8444139957427979,0,0.027792999520897865,0.08787400275468826,-0.0026360000483691692,1,0.999705970287323,0.023879999294877052,0.0041600000113248825,0,-0.02401999942958355,0.9528980255126953,0.30234000086784363,0,0.0032550001051276922,-0.3023509979248047,0.9531909823417664,0,-0.00003899999865097925,0.0465410016477108,0,1,0.9999300241470337,0.011614999733865261,0.002114000031724572,0,-0.011710000224411488,0.9530850052833557,0.3024750053882599,0,0.0014979999978095293,-0.30247899889945984,0.953154981136322,0,0.00015700000221841037,0.043063998222351074,0,1,0.9521980285644531,0.3023900091648102,0.04334799945354462,0,-0.2813270092010498,0.8127350211143494,0.5102120041847229,0,0.11905299872159958,-0.4980179965496063,0.8589550256729126,0,-0.027792999520897865,0.09750500321388245,-0.003776000114157796,1,0.9999319911003113,0.011397999711334705,0.00228899996727705,0,-0.01155600044876337,0.9529470205307007,0.3029159903526306,0,0.001272000023163855,-0.30292201042175293,0.9530140161514282,0,0.000007000000096013537,0.042941998690366745,0,1,0.9999939799308777,0.0035540000535547733,0.0003969999961555004,0,-0.0035069999285042286,0.9529970288276672,0.30295899510383606,0,0.0006990000256337225,-0.30295899510383606,0.9530029892921448,0,0.00012199999764561653,0.04036400094628334,0,1,-0.949766993522644,-0.19587400555610657,0.2440820038318634,0,0.15338599681854248,-0.9711670279502869,-0.18250200152397156,0,0.2727920114994049,-0.1358959972858429,0.9524270296096802,0,0.10198800265789032,-0.06357400119304657,-0.009731000289320946,1,0.9984250068664551,0.04655599966645241,-0.031293995678424835,0,-0.0490339994430542,0.9952800273895264,-0.08374199271202087,0,0.027247998863458633,0.08514399081468582,0.9959959983825684,0,0,0.4025239944458008,0,1,0.8124600052833557,-0.22129400074481964,0.5393869876861572,0,-0.10383199900388718,0.8554530143737793,0.5073649883270264,0,-0.5736969709396362,-0.46821901202201843,0.6720439791679382,0,0,0.31850001215934753,0,1,0.9538170099258423,0.054023001343011856,-0.29548901319503784,0,0.16271699965000153,0.7339509725570679,0.6594229936599731,0,0.2524990141391754,-0.677049994468689,0.6912649869918823,0,0,0.15866300463676453,0,1,-0.9394559860229492,0.22422200441360474,-0.25912800431251526,0,-0.20619699358940125,-0.9738749861717224,-0.09513100236654282,0,-0.2736879885196686,-0.03593999892473221,0.9611470103263855,0,-0.10198800265789032,-0.06357400119304657,-0.008768999949097633,1,0.9988059997558594,-0.048847999423742294,-0.0004640021943487227,0,0.048406001180410385,0.9909650087356567,-0.12508200109004974,0,0.006570002529770136,0.12491100281476974,0.9921460151672363,0,0,0.40252798795700073,0,1,0.8196210265159607,0.20891399681568146,-0.5334569811820984,0,0.08140099793672562,0.8792290091514587,0.4693939983844757,0,0.5670940279960632,-0.42814901471138,0.7036290168762207,0,0,0.31898099184036255,0,1,0.9653710126876831,-0.031870000064373016,0.25892698764801025,0,-0.1486400067806244,0.7484620213508606,0.6463059782981873,0,-0.21439500153064728,-0.6624119877815247,0.7178059816360474,0,0,0.1515520066022873,0,1
