4.333,30,129,65
B0,mixamorig_Hips,-1,0.9990221858024597,-0.00004758127761306241,-0.04420161247253418,0,-0.0011244788765907288,0.9996482133865356,-0.026496149599552155,0,0.04418736323714256,0.026520375162363052,0.9986714124679565,0,0.0026254402473568916,2.086728572845459,-0.01941184513270855,1
B1,mixamorig_Spine,0,0.9985809922218323,0.010610372759401798,-0.05218018591403961,0,-0.010166488587856293,0.9999094605445862,0.008760294876992702,0,0.05226827412843704,-0.008217091672122478,0.9985992312431335,0,0,0.181768000125885,-0.02281700074672699,1
B2,mixamorig_Spine1,1,0.9998537302017212,-0.007229471113532782,-0.015487018041312695,0,0.0073794713243842125,0.999925434589386,0.009700261987745762,0,0.01541520282626152,-0.009812622331082821,0.9998329877853394,0,0,0.21372699737548828,0,1
B3,mixamorig_Spine2,2,0.9998464584350586,-0.007371558807790279,-0.01587601937353611,0,0.007525287102907896,0.999925434589386,0.009631727822124958,0,0.01580420322716236,-0.009749815799295902,0.9998272657394409,0,0,0.24425899982452393,0,1
B4,mixamorig_Neck,3,0.9996709823608398,-0.006998069118708372,0.02466055192053318,0,0.002846341347321868,0.9863712787628174,0.1645100861787796,0,-0.0254756398499012,-0.1643860936164856,0.9860672950744629,0,0,0.27479198575019836,0,1
B5,mixamorig_Head,4,0.9311636090278625,-0.35674577951431274,0.07527629286050797,0,0.3298347294330597,0.9122113585472107,0.24306192994117737,0,-0.15537893772125244,-0.20150141417980194,0.967085599899292,0,0,0.16217100620269775,0.07993099838495255,1
B6,mixamorig_HeadTop_End,5,1,0,0,0,0,1,0,0,0,0,1,0,0,0.38795700669288635,0.19121700525283813,1
B7,mixamorig_LeftShoulder,3,0.03349384292960167,0.022425198927521706,-0.9991869926452637,0,0.8688749074935913,-0.4947036802768707,0.018023038282990456,0,-0.493897408246994,-0.8687719702720642,-0.03605373203754425,0,0.11031199991703033,0.24636100232601166,-0.003922999836504459,1
B8,mixamorig_LeftArm,7,0.9958051443099976,-0.08919481933116913,-0.020396418869495392,0,0.0726047158241272,0.634647786617279,0.7693830132484436,0,-0.055680472403764725,-0.7676367163658142,0.6384623050689697,0,0,0.2245579957962036,0,1
B9,mixamorig_LeftForeArm,8,0.6906712055206299,0.6205912232398987,-0.3712621331214905,0,-0.6445696949958801,0.7610496282577515,0.07303474098443985,0,0.3278745114803314,0.18886050581932068,0.9256488084793091,0,0,0.5647550225257874,0,1
B10,mixamorig_LeftHand,9,0.8695693612098694,-0.49280214309692383,-0.03155222162604332,0,0.49371466040611267,0.8663583397865295,0.075259268283844,0,-0.009751145727932453,-0.0810205414891243,0.996661365032196,0,0,0.4787989854812622,0,1
B11,mixamorig_LeftHandThumb1,10,0.833409309387207,0.4848439395427704,-0.26524484157562256,0,-0.35308459401130676,0.8363440632820129,0.4193563461303711,0,0.4251583516597748,-0.25584158301353455,0.8682082295417786,0,-0.04867900162935257,0.05357600003480911,0.025220999494194984,1
B12,mixamorig_LeftHandThumb2,11,0.965324878692627,-0.12875835597515106,-0.22708660364151,0,0.14917093515396118,0.9859572649002075,0.07507479190826416,0,0.21423152089118958,-0.10634603351354599,0.9709761738777161,0,-0.0044570001773536205,0.06116199865937233,0,1
B13,mixamorig_LeftHandThumb3,12,0.9683287739753723,-0.08685664087533951,-0.23408448696136475,0,0.008117307908833027,0.9479979276657104,-0.31817227602005005,0,0.2495468109846115,0.30619511008262634,0.9186784625053406,0,0.004881000146269798,0.06747499853372574,0,1
B14,mixamorig_LeftHandThumb4,13,1,0,0,0,0,1,0,0,0,0,1,0,-0.0004239999980200082,0.06289400160312653,0,1
B15,mixamorig_LeftHandIndex1,10,0.9997862577438354,-0.010750018060207367,-0.017657192423939705,0,0.019818659871816635,0.7413457036018372,0.670830488204956,0,0.005878447089344263,-0.6710372567176819,0.741400420665741,0,-0.05884300172328949,0.17274999618530273,0.0018599999602884054,1
B16,mixamorig_LeftHandIndex2,15,0.9979453682899475,-0.061598025262355804,-0.017652595415711403,0,0.06179702281951904,0.8523565530776978,0.5192965269088745,0,-0.016941051930189133,-0.519320547580719,0.8544118404388428,0,-0.00006399999983841553,0.06521599739789963,0,1
B17,mixamorig_LeftHandIndex3,16,0.997848391532898,-0.0631280243396759,-0.017698323354125023,0,0.0631280243396759,0.8522602319717407,0.5192945599555969,0,-0.017698323354125023,-0.5192945599555969,0.8544118404388428,0,0.00003300000025774352,0.060885000973939896,0,1
B18,mixamorig_LeftHandIndex4,17,1,0,0,0,0,1,0,0,0,0,1,0,0.00003099999958067201,0.0561010017991066,0,1
B19,mixamorig_LeftHandMiddle1,10,0.9993489980697632,-0.022118279710412025,-0.02850155159831047,0,0.03489864990115166,0.7929852604866028,0.6082399487495422,0,0.009147903881967068,-0.608838677406311,0.7932409644126892,0,-0.01822900027036667,0.1798350065946579,-0.004403000231832266,1
B20,mixamorig_LeftHandMiddle2,19,0.997316300868988,-0.06993718445301056,-0.021647728979587555,0,0.06993718445301056,0.82268226146698,0.5641831159591675,0,-0.021647728979587555,-0.5641831159591675,0.8253662586212158,0,-0.00003600000127335079,0.07010100036859512,0,1
B21,mixamorig_LeftHandMiddle3,20,0.9970089793205261,-0.07342645525932312,-0.024130728095769882,0,0.07342645525932312,0.8023415207862854,0.5923314094543457,0,-0.02413145639002323,-0.5923314094543457,0.8053332567214966,0,-9.999999974752427e-7,0.06479600071907043,0,1
B22,mixamorig_LeftHandMiddle4,21,1,0,0,0,0,1,0,0,0,0,1,0,0.000037999998312443495,0.06110600009560585,0,1
B23,mixamorig_LeftHandRing1,10,0.9887605309486389,-0.10819069296121597,-0.10318433493375778,0,0.1489359587430954,0.7730457782745361,0.6166189908981323,0,0.013053534552454948,-0.6250558495521545,0.7804704308509827,0,0.022633999586105347,0.17982600629329681,-0.005657999776303768,1
B24,mixamorig_LeftHandRing2,23,0.9982143044471741,-0.05779891088604927,-0.015077183954417706,0,0.0579836405813694,0.876963198184967,0.47704577445983887,0,-0.014350456185638905,-0.4770684838294983,0.8787491917610168,0,-0.0000670000008540228,0.06434600055217743,0,1
B25,mixamorig_LeftHandRing3,24,0.9979720115661621,-0.06152191385626793,-0.01636245660483837,0,0.061311639845371246,0.8596724271774292,0.5071530342102051,0,-0.01713445596396923,-0.5071280002593994,0.8617004156112671,0,-0.000043000000005122274,0.06067400053143501,0,1
B26,mixamorig_LeftHandRing4,25,1,0,0,0,0,1,0,0,0,0,1,0,0.00011000000085914508,0.05602100118994713,0,1
B27,mixamorig_LeftHandPinky1,10,0.9736306667327881,-0.19439023733139038,-0.11939472705125809,0,0.2280675172805786,0.8172395825386047,0.5292498469352722,0,-0.005307105835527182,-0.5425235629081726,0.8400236964225769,0,0.05443799868226051,0.15970900654792786,0.0005810000002384186,1
B28,mixamorig_LeftHandPinky2,27,0.9968065619468689,-0.07696083933115005,-0.021284736692905426,0,0.0770818367600441,0.8578521013259888,0.5080826878547668,0,-0.020842736586928368,-0.5081017017364502,0.8610448241233826,0,0.00017499999376013875,0.0653420016169548,0,1
B29,mixamorig_LeftHandPinky3,28,0.9975715279579163,-0.0669405609369278,-0.019241008907556534,0,0.06741756200790405,0.8586181402206421,0.5081626772880554,0,-0.017496008425951004,-0.508225679397583,0.8610458374023438,0,-0.00015300000086426735,0.05291200056672096,0,1
B30,mixamorig_LeftHandPinky4,29,1,0,0,0,0,1,0,0,0,0,1,0,-0.000022000000171829015,0.04824399948120117,0,1
B31,mixamorig_RightShoulder,3,0.024495964869856834,-0.02185332216322422,0.9994611144065857,0,-0.844040036201477,-0.5362051129341125,0.008962028659880161,0,0.5357199907302856,-0.8438050746917725,-0.03157929703593254,0,-0.11031199991703033,0.2462729960680008,-0.0032259998843073845,1
B32,mixamorig_RightArm,31,0.7138047814369202,-0.48165446519851685,0.5083351135253906,0,-0.06081422418355942,0.680520236492157,0.7302010655403137,0,-0.6976366639137268,-0.5521343946456909,0.45646750926971436,0,0,0.2245579957962036,0,1
B33,mixamorig_RightForeArm,32,0.7434333562850952,-0.6261472105979919,-0.23493525385856628,0,0.5491588711738586,0.7720815539360046,-0.3198262155056,0,0.38164830207824707,0.10876279324293137,0.9178447723388672,0,0,0.5652790069580078,0,1
B34,mixamorig_RightHand,33,0.915566086769104,0.3962478041648865,0.06874720752239227,0,-0.3997194766998291,0.9154307842254639,0.047010622918605804,0,-0.044305164366960526,-0.07052092254161835,0.996525764465332,0,0,0.4784959852695465,0,1
B35,mixamorig_RightHandThumb1,34,0.9006564021110535,-0.41448894143104553,0.13044807314872742,0,0.3308914601802826,0.8487905859947205,0.41238918900489807,0,-0.2816542387008667,-0.32825687527656555,0.9016199111938477,0,0.04954399913549423,0.05562499910593033,0.02943599969148636,1
B36,mixamorig_RightHandThumb2,35,0.9586204886436462,0.1986432671546936,0.20392978191375732,0,-0.19025689363479614,0.9798910021781921,-0.06014055758714676,0,-0.211775541305542,0.018852654844522476,0.9771361947059631,0,0.006289999932050705,0.0637660026550293,0,1
B37,mixamorig_RightHandThumb3,36,0.9644952416419983,0.15405400097370148,-0.21451298892498016,0,-0.20017026364803314,0.9562710523605347,-0.21325379610061646,0,0.1722799390554428,0.2486213892698288,0.9531559944152832,0,-0.005853000096976757,0.06679899990558624,0,1
B38,mixamorig_RightHandThumb4,37,1,0,0,0,0,1,0,0,0,0,1,0,-0.00043700000969693065,0.059567999094724655,0,1
B39,mixamorig_RightHandIndex1,34,0.9997476935386658,-0.02182026393711567,0.005364640615880489,0,0.011110350489616394,0.6875452399253845,0.7260562181472778,0,-0.01953081600368023,-0.7258132100105286,0.6876142024993896,0,0.05906999856233597,0.17643100023269653,0.0028280001133680344,1
B40,mixamorig_RightHandIndex2,39,0.9993967413902283,0.03341441974043846,0.009439068846404552,0,-0.03255387395620346,0.807131826877594,0.5894731283187866,0,0.01207815669476986,-0.5894248485565186,0.8077324032783508,0,-0.00003199999991920777,0.06524199992418289,0,1
B41,mixamorig_RightHandIndex3,40,0.9987971782684326,0.046579331159591675,0.015329699963331223,0,-0.04665833339095116,0.8065275549888611,0.5893528461456299,0,0.015087972395122051,-0.5893588662147522,0.8077304363250732,0,-0.0002519999979995191,0.06072999909520149,0,1
B42,mixamorig_RightHandIndex4,41,1,0,0,0,0,1,0,0,0,0,1,0,0.0002840000088326633,0.05686800181865692,0,1
B43,mixamorig_RightHandMiddle1,34,0.9997557401657104,-0.004502078052610159,0.02163171023130417,0,-0.012006999924778938,0.7111584544181824,0.7029290795326233,0,-0.01854834146797657,-0.7030170559883118,0.7109311819076538,0,0.017146000638604164,0.18169599771499634,-0.0038469999562948942,1
B44,mixamorig_RightHandMiddle2,43,0.9993720054626465,0.03428572788834572,0.008983728475868702,0,-0.03385145589709282,0.8482042551040649,0.5285860896110535,0,0.010502727702260017,-0.5285581350326538,0.8488319516181946,0,-0.00010800000018207356,0.07110700011253357,0,1
B45,mixamorig_RightHandMiddle3,44,0.9991120100021362,0.04014645516872406,0.012821728363633156,0,-0.0404687263071537,0.8290202617645264,0.5577521324157715,0,0.011762727983295918,-0.5577753782272339,0.8299082517623901,0,-0.00014200000441633165,0.06570599973201752,0,1
B46,mixamorig_RightHandMiddle4,45,1,0,0,0,0,1,0,0,0,0,1,0,0.0002500000118743628,0.0635169968008995,0,1
B47,mixamorig_RightHandRing1,34,0.9918438196182251,0.07836305350065231,0.10052633285522461,0,-0.1265123188495636,0.7012891173362732,0.7015611529350281,0,-0.015521272085607052,-0.7085567712783813,0.705482542514801,0,-0.020330000668764114,0.18621300160884857,-0.002478000009432435,1
B48,mixamorig_RightHandRing2,47,0.9993550181388855,0.03381945565342903,0.012064456008374691,0,-0.03463045507669449,0.8190459609031677,0.5726823210716248,0,0.009486728347837925,-0.5727306008338928,0.8196889758110046,0,0.00022400000307243317,0.06470800191164017,0,1
B49,mixamorig_RightHandRing3,48,0.9994720220565796,0.031130455434322357,0.009355456568300724,0,-0.030502455309033394,0.798714280128479,0.6009365916252136,0,0.011235455982387066,-0.6009045839309692,0.7992422580718994,0,0.00007000000186963007,0.05900600180029869,0,1
B50,mixamorig_RightHandRing4,49,1,0,0,0,0,1,0,0,0,0,1,0,-0.00029399999766610563,0.055362001061439514,0,1
B51,mixamorig_RightHandPinky1,34,0.9790017008781433,0.1574019342660904,0.12953653931617737,0,-0.20375221967697144,0.7753347158432007,0.5977799892425537,0,-0.006342184264212847,-0.6116208434104919,0.7911251783370972,0,-0.05588499829173088,0.16542500257492065,0.004757000133395195,1
B52,mixamorig_RightHandPinky2,51,0.9992423057556152,0.03768382593989372,0.009730367921292782,0,-0.036445826292037964,0.8182708024978638,0.5736760497093201,0,0.013656368479132652,-0.5735960602760315,0.8190248012542725,0,-0.0002570000069681555,0.06404300034046173,0,1
B53,mixamorig_RightHandPinky3,52,0.998938262462616,0.04314109683036804,0.016158096492290497,0,-0.04460209608078003,0.8179641366004944,0.573537290096283,0,0.01152636855840683,-0.5736492872238159,0.8190197944641113,0,-0.00010800000018207356,0.05189799889922142,0,1
B54,mixamorig_RightHandPinky4,53,1,0,0,0,0,1,0,0,0,0,1,0,0.0003640000068116933,0.047272998839616776,0,1
B55,mixamorig_LeftUpLeg,0,-0.9848484992980957,-0.17332428693771362,-0.005385357420891523,0,0.1721673607826233,-0.9810371994972229,0.08900952339172363,0,-0.02071237377822399,0.08673522621393204,0.996015191078186,0,0.16947999596595764,-0.10094799846410751,0.0010219999821856618,1
B56,mixamorig_LeftLeg,55,0.9987543821334839,0.048234738409519196,0.012705152854323387,0,-0.043880656361579895,0.9707497358322144,-0.2360456883907318,0,-0.023718826472759247,0.23519398272037506,0.9716578722000122,0,0,0.969281017780304,0,1
B57,mixamorig_LeftFoot,56,0.9774617552757263,-0.203699991106987,-0.05545511469244957,0,0.1225934848189354,0.3338277339935303,0.9346281290054321,0,-0.17187118530273438,-0.9203612208366394,0.3512756824493408,0,0,0.8826940059661865,0,1
B58,mixamorig_LeftToeBase,57,0.9895751476287842,-0.006336523219943047,0.14387746155261993,0,-0.06033659726381302,0.8888866305351257,0.4541351795196533,0,-0.1307685524225235,-0.4580819010734558,0.8792381286621094,0,0,0.3161810040473938,0,1
B59,mixamorig_LeftToe_End,58,1,0,0,0,0,1,0,0,0,0,1,0,0,0.12122800201177597,0,1
B60,mixamorig_RightUpLeg,0,-0.965285062789917,0.195074662566185,-0.17368988692760468,0,-0.1974511444568634,-0.980305016040802,-0.003658444620668888,0,-0.170983225107193,0.030764857307076454,0.9847928881645203,0,-0.16947999596595764,-0.10094799846410751,0.008740999735891819,1
B61,mixamorig_RightLeg,60,0.993853747844696,-0.043445080518722534,0.10181517899036407,0,0.05552951619029045,0.9913349747657776,-0.11904392391443253,0,-0.09576055407524109,0.12396620959043503,0.9876545667648315,0,0,0.9694340229034424,0,1
B62,mixamorig_RightFoot,61,0.9731387495994568,0.2236800640821457,0.05448155105113983,0,-0.13622049987316132,0.3686676323413849,0.9195257425308228,0,0.18559427559375763,-0.9022477865219116,0.389234721660614,0,0,0.8825370073318481,0,1
B63,mixamorig_RightToeBase,62,0.9734053611755371,-0.08212128281593323,-0.21385523676872253,0,0.1785874217748642,0.8567184805870056,0.48387306928634644,0,0.1434742957353592,-0.5091992616653442,0.8486007452011108,0,0,0.3129810094833374,0,1
B64,mixamorig_RightToe_End,63,1,0,0,0,0,1,0,0,0,0,1,0,0,0.12095499783754349,0,1
@52,0,1,2,3,4,5,7,8,9,10,11,12,13,15,16,17,19,20,21,23,24,25,27,28,29,31,32,33,34,35,36,37,39,40,41,43,44,45,47,48,49,51,52,53,55,56,57,58,60,61,62,63
K0.000,0.9991260170936584,-0.0006070000235922635,-0.04180600121617317,0,0.00013699999544769526,0.9999369978904724,-0.011234000325202942,0,0.04180999845266342,0.011218000203371048,0.9990630149841309,0,-0.000291000003926456,2.085782051086426,-0.00521499989554286,1,0.9986709952354431,0.00748400017619133,-0.050992000848054886,0,-0.007366999983787537,0.999970018863678,0.002483000047504902,0,0.05100899934768677,-0.0021039999555796385,0.9986960291862488,0,0,0.181768000125885,-0.02281700074672699,1,0.9998720288276672,-0.0057749999687075615,-0.014929999597370625,0,0.0058929999358952045,0.9999510049819946,0.007911000400781631,0,0.014883999712765217,-0.007997999899089336,0.9998570084571838,0,0,0.21372699737548828,0,1,0.9998670220375061,-0.005884999874979258,-0.015203000046312809,0,0.006004999857395887,0.9999510049819946,0.007830999791622162,0,0.015155999921262264,-0.007921000011265278,0.9998540282249451,0,0,0.24425899982452393,0,1,0.9996610283851624,-0.007447000127285719,0.02493100054562092,0,0.003261999925598502,0.9864789843559265,0.16385699808597565,0,-0.025814000517129898,-0.1637199968099594,0.9861689805984497,0,0,0.27479198575019836,0,1,0.9296000003814697,-0.3597170114517212,0.08029100298881531,0,0.3321250081062317,0.9120150208473206,0.24066999554634094,0,-0.1597999930381775,-0.1970600038766861,0.9672799706459045,0,0,0.16217100620269775,0.07993099838495255,1,0.03508999943733215,0.02204499952495098,-0.9991409778594971,0,0.8682699799537659,-0.4957059919834137,0.01955699920654297,0,-0.49484899640083313,-0.8682100176811218,-0.03653499856591225,0,0.11031199991703033,0.24636100232601166,-0.003922999836504459,1,0.9961280226707458,-0.08751700073480606,-0.008305000141263008,0,0.06262700259685516,0.6401680111885071,0.7656779885292053,0,-0.06169300153851509,-0.76323401927948,0.6431710124015808,0,0,0.2245579957962036,0,1,0.6956369876861572,0.620805025100708,-0.3615120053291321,0,-0.6426500082015991,0.7626680135726929,0.07307299971580505,0,0.32107800245285034,0.18149299919605255,0.9294999837875366,0,0,0.5647550225257874,0,1,0.8688330054283142,-0.49312299489974976,-0.04426199942827225,0,0.49474701285362244,0.8613309860229492,0.11547300219535828,0,-0.018818000331521034,-0.12222500145435333,0.9923239946365356,0,0,0.4787989854812622,0,1,0.8337169885635376,0.48531100153923035,-0.2634179890155792,0,-0.3547169864177704,0.8362939953804016,0.4180769920349121,0,0.42319199442863464,-0.2551189959049225,0.8693810105323792,0,-0.04867900162935257,0.05357600003480911,0.025220999494194984,1,0.9653270244598389,-0.1285720020532608,-0.227182999253273,0,0.14898699522018433,0.9859870076179504,0.07505299896001816,0,0.21435000002384186,-0.10629799962043762,0.970956027507782,0,-0.0044570001773536205,0.06116199865937233,0,1,0.9683039784431458,-0.08673399686813354,-0.23422999680042267,0,0.008123000152409077,0.9482110142707825,-0.31753799319267273,0,0.24964100122451782,0.30557000637054443,0.9188609719276428,0,0.004881000146269798,0.06747499853372574,0,1,0.9997749924659729,-0.011175000108778477,-0.018045000731945038,0,0.020393000915646553,0.7414559721946716,0.6706910133361816,0,0.005884000100195408,-0.6709079742431641,0.7415170073509216,0,-0.05884300172328949,0.17274999618530273,0.0018599999602884054,1,0.9979490041732788,-0.061542000621557236,-0.017619000747799873,0,0.06174200028181076,0.8526390194892883,0.5188400149345398,0,-0.01690799929201603,-0.5188639760017395,0.8546900153160095,0,-0.00006399999983841553,0.06521599739789963,0,1,0.9978529810905457,-0.06307300180196762,-0.01766500063240528,0,0.06307300180196762,0.8525429964065552,0.5188379883766174,0,-0.01766500063240528,-0.5188379883766174,0.8546900153160095,0,0.00003300000025774352,0.060885000973939896,0,1,0.9993579983711243,-0.021903999149799347,-0.02834000065922737,0,0.03463299944996834,0.7927280068397522,0.6085910201072693,0,0.00913500040769577,-0.6091820001602173,0.7929779887199402,0,-0.01822900027036667,0.1798350065946579,-0.004403000231832266,1,0.9973180294036865,-0.06992200016975403,-0.021637000143527985,0,0.06992200016975403,0.8227670192718506,0.5640609860420227,0,-0.02163800038397312,-0.5640609860420227,0.8254489898681641,0,-0.00003600000127335079,0.07010100036859512,0,1,0.9970099925994873,-0.07341200113296509,-0.024119999259710312,0,0.07341200113296509,0.8024309873580933,0.592212975025177,0,-0.02412099950015545,-0.592212975025177,0.805420994758606,0,0,0.06479600071907043,0,1,0.9888110160827637,-0.10730600357055664,-0.10362599790096283,0,0.14852499961853027,0.7729430198669434,0.6168460249900818,0,0.013906000182032585,-0.6253349781036377,0.7802320122718811,0,0.022633999586105347,0.17982600629329681,-0.005657999776303768,1,0.9982140064239502,-0.05780100077390671,-0.015077999792993069,0,0.05798500031232834,0.876954972743988,0.4770619869232178,0,-0.014352000318467617,-0.4770840108394623,0.8787400126457214,0,-0.0000670000008540228,0.06434600055217743,0,1,0.9979709982872009,-0.06152400001883507,-0.016364000737667084,0,0.061312999576330185,0.8596630096435547,0.5071690082550049,0,-0.017136000096797943,-0.5071430206298828,0.8616909980773926,0,-0.000043000000005122274,0.06067400053143501,0,1,0.9738439917564392,-0.1935330033302307,-0.11905299872159958,0,0.22716300189495087,0.8176079988479614,0.5290690064430237,0,-0.005053999833762646,-0.5422750115394592,0.8401859998703003,0,0.05443799868226051,0.15970900654792786,0.0005810000002384186,1,0.9968079924583435,-0.0769520029425621,-0.021278999745845795,0,0.07707300037145615,0.8578919768333435,0.5080170035362244,0,-0.020837999880313873,-0.5080360174179077,0.861083984375,0,0.00017499999376013875,0.0653420016169548,0,1,0.9975720047950745,-0.06693100184202194,-0.019235000014305115,0,0.0674080029129982,0.8586580157279968,0.5080969929695129,0,-0.017490999773144722,-0.5081599950790405,0.8610849976539612,0,-0.00015300000086426735,0.05291200056672096,0,1,0.02370399981737137,-0.022422999143600464,0.9994680285453796,0,-0.8557440042495728,-0.5173259973526001,0.008689000271260738,0,0.5168560147285461,-0.8554949760437012,-0.03145100176334381,0,-0.11031199991703033,0.2462729960680008,-0.0032259998843073845,1,0.7018600106239319,-0.5056800246238708,0.5016769766807556,0,-0.05573299899697304,0.66314697265625,0.7464110255241394,0,-0.7101309895515442,-0.5518370270729065,0.4372529983520508,0,0,0.2245579957962036,0,1,0.7451840043067932,-0.6190239787101746,-0.24800999462604523,0,0.5372040271759033,0.7775949835777283,-0.32673799991607666,0,0.39511001110076904,0.11024799942970276,0.9119939804077148,0,0,0.5652790069580078,0,1,0.918038010597229,0.39068299531936646,0.06762400269508362,0,-0.39391499757766724,0.9181219935417175,0.043400999158620834,0,-0.045131001621484756,-0.06648200005292892,0.9967659711837769,0,0,0.4784959852695465,0,1,0.9006950259208679,-0.415039986371994,0.12841400504112244,0,0.33248600363731384,0.8487579822540283,0.4111720025539398,0,-0.27964499592781067,-0.3276450037956238,0.9024670124053955,0,0.04954399913549423,0.05562499910593033,0.02943599969148636,1,0.9587349891662598,0.198403999209404,0.20362600684165955,0,-0.19019700586795807,0.9799519777297974,-0.059314001351594925,0,-0.21131199598312378,0.018137000501155853,0.9772499799728394,0,0.006289999932050705,0.0637660026550293,0,1,0.9642350077629089,0.15524700284004211,-0.21482400596141815,0,-0.20133499801158905,0.9561489820480347,-0.21270500123500824,0,0.17238199710845947,0.24834899604320526,0.9532089829444885,0,-0.005853000096976757,0.06679899990558624,0,1,0.999754011631012,-0.02142000012099743,0.005789999850094318,0,0.01052900031208992,0.6876609921455383,0.7259560227394104,0,-0.01953200064599514,-0.7257159948348999,0.6877170205116272,0,0.05906999856233597,0.17643100023269653,0.0028280001133680344,1,0.9993979930877686,0.033385999500751495,0.009421000257134438,0,-0.03252600133419037,0.807449996471405,0.5890390276908875,0,0.012058000080287457,-0.5889909863471985,0.8080499768257141,0,-0.00003199999991920777,0.06524199992418289,0,1,0.9987990260124207,0.046553000807762146,0.015306999906897545,0,-0.04663199931383133,0.806846022605896,0.5889179706573486,0,0.015065999701619148,-0.5889250040054321,0.8080469965934753,0,-0.0002519999979995191,0.06072999909520149,0,1,0.9997490048408508,-0.005111000034958124,0.02180200070142746,0,-0.01170200016349554,0.7108640074729919,0.703233003616333,0,-0.019091999158263206,-0.703311026096344,0.7106260061264038,0,0.017146000638604164,0.18169599771499634,-0.0038469999562948942,1,0.9993720054626465,0.03427699953317642,0.00897900015115738,0,-0.03384299948811531,0.8482840061187744,0.5284600257873535,0,0.01049800030887127,-0.5284320116043091,0.8489109873771667,0,-0.00010800000018207356,0.07110700011253357,0,1,0.9991120100021362,0.04013799875974655,0.012814999558031559,0,-0.04046100005507469,0.8291040062904358,0.5576289892196655,0,0.011757000349462032,-0.5576519966125488,0.8299909830093384,0,-0.00014200000441633165,0.06570599973201752,0,1,0.9918980002403259,0.07804500311613083,0.10023900121450424,0,-0.1260869950056076,0.7011730074882507,0.7017539739608765,0,-0.015515999868512154,-0.7087069749832153,0.7053319811820984,0,-0.020330000668764114,0.18621300160884857,-0.002478000009432435,1,0.9993550181388855,0.03381999954581261,0.012064999900758266,0,-0.03463200107216835,0.819034993648529,0.5726969838142395,0,0.009487000294029713,-0.5727459788322449,0.819678008556366,0,0.00022400000307243317,0.06470800191164017,0,1,0.9994710087776184,0.03113199956715107,0.0093560004606843,0,-0.030503999441862106,0.7987030148506165,0.6009510159492493,0,0.011235999874770641,-0.6009190082550049,0.7992309927940369,0,0.00007000000186963007,0.05900600180029869,0,1,0.9791849851608276,0.15676699578762054,0.12891800701618195,0,-0.2028689980506897,0.7757329940795898,0.5975639820098877,0,-0.006326999980956316,-0.6112800240516663,0.791388988494873,0,-0.05588499829173088,0.16542500257492065,0.004757000133395195,1,0.9992430210113525,0.0376800000667572,0.009727999567985535,0,-0.036442000418901443,0.8183159828186035,0.5736129879951477,0,0.013652999885380268,-0.5735329985618591,0.8190690279006958,0,-0.0002570000069681555,0.06404300034046173,0,1,0.9989389777183533,0.04313800111413002,0.016155000776052475,0,-0.04459900036454201,0.8180090188980103,0.5734739899635315,0,0.011522999964654446,-0.5735859870910645,0.8190649747848511,0,-0.00010800000018207356,0.05189799889922142,0,1,-0.9839879870414734,-0.1778620034456253,0.011497000232338905,0,0.1781349927186966,-0.9792609810829163,0.09651599824428558,0,-0.0059079998172819614,0.0970190018415451,0.995265007019043,0,0.16947999596595764,-0.10094799846410751,0.0010219999821856618,1,0.9990379810333252,0.04349600151181221,0.005626999773085117,0,-0.04095999896526337,0.9711589813232422,-0.23488999903202057,0,-0.015682000666856766,0.23443399369716644,0.9720060229301453,0,0,0.969281017780304,0,1,0.977446973323822,-0.20360800623893738,-0.056049998849630356,0,0.12267500162124634,0.3313950002193451,0.9354829788208008,0,-0.17189699411392212,-0.9212610125541687,0.3488979935646057,0,0,0.8826940059661865,0,1,0.9898980259895325,-0.011687999591231346,0.14130200445652008,0,-0.05603199824690819,0.8832240104675293,0.4655910134315491,0,-0.13024300336837769,-0.4688049852848053,0.8736469745635986,0,0,0.3161810040473938,0,1,-0.9691929817199707,0.1915919929742813,-0.15478000044822693,0,-0.1962050050497055,-0.9804490208625793,0.014952000230550766,0,-0.14888900518417358,0.044860001653432846,0.9878360033035278,0,-0.16947999596595764,-0.10094799846410751,0.008740999735891819,1,0.9956110119819641,-0.042357999831438065,0.08345399796962738,0,0.053849998861551285,0.9885910153388977,-0.14066800475120544,0,-0.07654400169849396,0.14454400539398193,0.986532986164093,0,0,0.9694340229034424,0,1,0.9736390113830566,0.22104200720787048,0.05628100037574768,0,-0.13362200558185577,0.3527660071849823,0.9261220097541809,0,0.18485799431800842,-0.9092280268669128,0.3730030059814453,0,0,0.8825370073318481,0,1,0.9736769795417786,-0.08430100232362747,-0.2117680013179779,0,0.17890100181102753,0.8583499789237976,0.4808639883995056,0,0.14123299717903137,-0.5060920119285583,0.850836992263794,0,0,0.3129810094833374,0,1
K0.033,0.9991340041160583,-0.0007600010139867663,-0.04160099849104881,0,0.0003070012026000768,0.9999409914016724,-0.010898996144533157,0,0.041606999933719635,0.01087699644267559,0.9990749955177307,0,-0.00021800040849484503,2.0856668949127197,-0.004934997297823429,1,0.998661994934082,0.007309997919946909,-0.05118800327181816,0,-0.007211998105049133,0.9999719858169556,0.0021019973792135715,0,0.05120200291275978,-0.0017299975734204054,0.9986870288848877,0,0,0.181768000125885,-0.02281700074672699,1,0.9998720288276672,-0.005723999347537756,-0.014969000592827797,0,0.005841999314725399,0.9999520182609558,0.007854999043047428,0,0.014924000948667526,-0.007941999472677708,0.9998570084571838,0,0,0.21372699737548828,0,1,0.9998670220375061,-0.005818999372422695,-0.015231000259518623,0,0.005937999580055475,0.9999520182609558,0.00776999955996871,0,0.015185000374913216,-0.007859999313950539,0.9998540282249451,0,0,0.24425899982452393,0,1,0.9996619820594788,-0.007468000520020723,0.024901000782847404,0,0.0032880003564059734,0.9864789843559265,0.1638530045747757,0,-0.025787999853491783,-0.16371600329875946,0.9861699938774109,0,0,0.27479198575019836,0,1,0.929656982421875,-0.3597150146961212,0.0796390026807785,0,0.3322159945964813,0.9119219779968262,0.24089699983596802,0,-0.159278005361557,-0.1974940001964569,0.967278003692627,0,0,0.16217100620269775,0.07993099838495255,1,0.03488299623131752,0.022096000611782074,-0.9991469979286194,0,0.8682469725608826,-0.49575498700141907,0.019349996000528336,0,-0.4949049949645996,-0.8681809902191162,-0.03647800162434578,0,0.11031199991703033,0.24636100232601166,-0.003922999836504459,1,0.9960770010948181,-0.08792700618505478,-0.00995301641523838,0,0.06414501368999481,0.6399850249290466,0.7657049894332886,0,-0.06095699220895767,-0.7633399963378906,0.6431149840354919,0,0,0.2245579957962036,0,1,0.6948670148849487,0.6216660141944885,-0.3615120053291321,0,-0.6435549855232239,0.7618929743766785,0.0731860026717186,0,0.32093000411987305,0.18179799616336823,0.9294909834861755,0,0,0.5647550225257874,0,1,0.8680430054664612,-0.49449601769447327,-0.04444599896669388,0,0.4961300194263458,0.8605260252952576,0.11554300040006638,0,-0.018888000398874283,-0.12234699726104736,0.9923080205917358,0,0,0.4787989854812622,0,1,0.8338059782981873,0.48493099212646484,-0.26383599638938904,0,-0.35416001081466675,0.8364760279655457,0.4181840121746063,0,0.4234830141067505,-0.2552439868450165,0.8692020177841187,0,-0.04867900162935257,0.05357600003480911,0.025220999494194984,1,0.9652979969978333,-0.12849000096321106,-0.22735300660133362,0,0.1489180028438568,0.9859989881515503,0.075033999979496,0,0.21452899277210236,-0.10628700256347656,0.9709169864654541,0,-0.0044570001773536205,0.06116199865937233,0,1,0.968297004699707,-0.08676700294017792,-0.23424799740314484,0,0.008081999607384205,0.9481289982795715,-0.31778401136398315,0,0.24966999888420105,0.30581599473953247,0.9187719821929932,0,0.004881000146269798,0.06747499853372574,0,1,0.9997749924659729,-0.011176000349223614,-0.018052000552415848,0,0.020397000014781952,0.7416229844093323,0.67050701379776,0,0.005894000176340342,-0.6707239747047424,0.7416840195655823,0,-0.05884300172328949,0.17274999618530273,0.0018599999602884054,1,0.9979490041732788,-0.06154099851846695,-0.017618000507354736,0,0.061739999800920486,0.8526430130004883,0.5188329815864563,0,-0.01690799929201603,-0.5188570022583008,0.8546940088272095,0,-0.00006399999983841553,0.06521599739789963,0,1,0.9978529810905457,-0.06307200342416763,-0.017664000391960144,0,0.06307200342416763,0.8525469899177551,0.5188300013542175,0,-0.017664000391960144,-0.5188300013542175,0.8546950221061707,0,0.00003300000025774352,0.060885000973939896,0,1,0.9993579983711243,-0.02191000059247017,-0.02834700047969818,0,0.03464699909090996,0.7924249768257141,0.6089839935302734,0,0.009119999594986439,-0.6095759868621826,0.7926759719848633,0,-0.01822900027036667,0.1798350065946579,-0.004403000231832266,1,0.9973170161247253,-0.06992500275373459,-0.021640000864863396,0,0.06992600113153458,0.822746992111206,0.5640900135040283,0,-0.021640000864863396,-0.5640900135040283,0.8254299759864807,0,-0.00003600000127335079,0.07010100036859512,0,1,0.9970099925994873,-0.07341500371694565,-0.024122999981045723,0,0.07341500371694565,0.8024100065231323,0.5922409892082214,0,-0.024122999981045723,-0.5922409892082214,0.805400013923645,0,0,0.06479600071907043,0,1,0.9888169765472412,-0.10724999755620956,-0.1036280021071434,0,0.148484006524086,0.7728760242462158,0.616940975189209,0,0.013923999853432178,-0.6254289746284485,0.7801570296287537,0,0.022633999586105347,0.17982600629329681,-0.005657999776303768,1,0.9982159733772278,-0.05777300149202347,-0.015062999911606312,0,0.0579570010304451,0.8770779967308044,0.47683799266815186,0,-0.01433700043708086,-0.476859986782074,0.8788620233535767,0,-0.0000670000008540228,0.06434600055217743,0,1,0.9979730248451233,-0.06149600073695183,-0.01634800061583519,0,0.06128599867224693,0.859794020652771,0.5069490075111389,0,-0.01711999997496605,-0.5069239735603333,0.8618209958076477,0,-0.000043000000005122274,0.06067400053143501,0,1,0.9738330245018005,-0.19362600147724152,-0.11899200081825256,0,0.22721099853515625,0.817874014377594,0.5286369919776917,0,-0.005036999937146902,-0.5418409705162048,0.8404660224914551,0,0.05443799868226051,0.15970900654792786,0.0005810000002384186,1,0.9968079924583435,-0.076944999396801,-0.021275000646710396,0,0.07706599682569504,0.8579239845275879,0.507964015007019,0,-0.020833000540733337,-0.5079820156097412,0.8611159920692444,0,0.00017499999376013875,0.0653420016169548,0,1,0.9975730180740356,-0.06692399829626083,-0.019231000915169716,0,0.0674000009894371,0.8586909770965576,0.5080429911613464,0,-0.017487000674009323,-0.508105993270874,0.8611170053482056,0,-0.00015300000086426735,0.05291200056672096,0,1,0.02424800395965576,-0.022415999323129654,0.9994549751281738,0,-0.8558539748191833,-0.5171369910240173,0.009165003895759583,0,0.5166500210762024,-0.8556089997291565,-0.031724002212285995,0,-0.11031199991703033,0.2462729960680008,-0.0032259998843073845,1,0.7037739753723145,-0.5034300088882446,0.5012590289115906,0,-0.05740801617503166,0.6629689931869507,0.746442973613739,0,-0.7081009745597839,-0.5541030168533325,0.4376789927482605,0,0,0.2245579957962036,0,1,0.7449520230293274,-0.6198650002479553,-0.24660398066043854,0,0.5383350253105164,0.7768869996070862,-0.32656198740005493,0,0.39400798082351685,0.11051800101995468,0.9124379754066467,0,0,0.5652790069580078,0,1,0.9176899790763855,0.39148300886154175,0.0677260011434555,0,-0.3947350084781647,0.917756974697113,0.04366900399327278,0,-0.04506000131368637,-0.06680800765752792,0.9967479705810547,0,0,0.4784959852695465,0,1,0.9008190035820007,-0.4146389961242676,0.12884199619293213,0,0.3319230079650879,0.8489189743995667,0.41129499673843384,0,-0.2799150049686432,-0.3277359902858734,0.9023500084877014,0,0.04954399913549423,0.05562499910593033,0.02943599969148636,1,0.9587330222129822,0.19829200208187103,0.20374399423599243,0,-0.19009500741958618,0.9799759984016418,-0.05924899876117706,0,-0.21141299605369568,0.018073000013828278,0.9772300124168396,0,0.006289999932050705,0.0637660026550293,0,1,0.9642490148544312,0.15523500740528107,-0.21476800739765167,0,-0.20135000348091125,0.9560940265655518,-0.21293899416923523,0,0.17228199541568756,0.24856999516487122,0.9531689882278442,0,-0.005853000096976757,0.06679899990558624,0,1,0.999754011631012,-0.021409999579191208,0.005808000452816486,0,0.010514000430703163,0.68784099817276,0.7257850170135498,0,-0.019533999264240265,-0.7255460023880005,0.6878970265388489,0,0.05906999856233597,0.17643100023269653,0.0028280001133680344,1,0.9993979930877686,0.03338500112295151,0.009421000257134438,0,-0.03252600133419037,0.8074550032615662,0.589031994342804,0,0.012058000080287457,-0.5889840126037598,0.8080549836158752,0,-0.00003199999991920777,0.06524199992418289,0,1,0.9987990260124207,0.046553000807762146,0.015306999906897545,0,-0.04663199931383133,0.8068510293960571,0.5889109969139099,0,0.015065000392496586,-0.5889170169830322,0.8080530166625977,0,-0.0002519999979995191,0.06072999909520149,0,1,0.9997490048408508,-0.0051449998281896114,0.02180599980056286,0,-0.01169000007212162,0.7105140089988708,0.7035859823226929,0,-0.019113000482320786,-0.7036640048027039,0.7102760076522827,0,0.017146000638604164,0.18169599771499634,-0.0038469999562948942,1,0.9993720054626465,0.034279000014066696,0.008980000391602516,0,-0.033844999969005585,0.8482649922370911,0.5284900069236755,0,0.010498999617993832,-0.5284619927406311,0.8488919734954834,0,-0.00010800000018207356,0.07110700011253357,0,1,0.9991120100021362,0.040139999240636826,0.012817000038921833,0,-0.040463000535964966,0.8290839791297913,0.5576580166816711,0,0.011757999658584595,-0.5576810240745544,0.8299720287322998,0,-0.00014200000441633165,0.06570599973201752,0,1,0.9919040203094482,0.0780009999871254,0.10021299868822098,0,-0.1260399967432022,0.7010970115661621,0.7018380165100098,0,-0.015514999628067017,-0.7087860107421875,0.7052519917488098,0,-0.020330000668764114,0.18621300160884857,-0.002478000009432435,1,0.9993559718132019,0.033806998282670975,0.012055999599397182,0,-0.03461800143122673,0.8191829919815063,0.5724869966506958,0,0.009479000233113766,-0.57253497838974,0.8198249936103821,0,0.00022400000307243317,0.06470800191164017,0,1,0.9994720220565796,0.03111799992620945,0.009348000399768353,0,-0.030491000041365623,0.7988579869270325,0.6007459759712219,0,0.011226999573409557,-0.6007140278816223,0.7993850111961365,0,0.00007000000186963007,0.05900600180029869,0,1,0.979170024394989,0.15689100325107574,0.1288830041885376,0,-0.20294199883937836,0.7760260105133057,0.5971580147743225,0,-0.006328000221401453,-0.6108750104904175,0.7917019724845886,0,-0.05588499829173088,0.16542500257492065,0.004757000133395195,1,0.9992430210113525,0.03767700120806694,0.009726000018417835,0,-0.03643900156021118,0.8183519840240479,0.5735610127449036,0,0.013651000335812569,-0.573481023311615,0.8191050291061401,0,-0.0002570000069681555,0.06404300034046173,0,1,0.9989389777183533,0.04313499853014946,0.016152000054717064,0,-0.044596001505851746,0.8180450201034546,0.5734220147132874,0,0.011521000415086746,-0.5735340118408203,0.8191009759902954,0,-0.00010800000018207356,0.05189799889922142,0,1,-0.9839529991149902,-0.17811499536037445,0.0105909937992692,0,0.17829500138759613,-0.9791759848594666,0.09708200395107269,0,-0.006921007297933102,0.09741301089525223,0.9952200055122375,0,0.16947999596595764,-0.10094799846410751,0.0010219999821856618,1,0.9990170001983643,0.043772999197244644,0.006934004835784435,0,-0.04090600088238716,0.9709299802780151,-0.23584102094173431,0,-0.01705600507557392,0.23532600700855255,0.971767008304596,0,0,0.969281017780304,0,1,0.9773970246315002,-0.20382200181484222,-0.0561319999396801,0,0.12272000312805176,0.33080101013183594,0.9356870055198669,0,-0.17214499413967133,-0.9214270114898682,0.34833699464797974,0,0,0.8826940059661865,0,1,0.9897950291633606,-0.010073985904455185,0.1421400010585785,0,-0.05786401405930519,0.8831400275230408,0.4655280113220215,0,-0.1302189975976944,-0.46900200843811035,0.8735449910163879,0,0,0.3161810040473938,0,1,-0.9696369767189026,0.19136899709701538,-0.15225796401500702,0,-0.19601400196552277,-0.9804710149765015,0.015959009528160095,0,-0.14623096585273743,0.045319002121686935,0.988211989402771,0,-0.16947999596595764,-0.10094799846410751,0.008740999735891819,1,0.9957829713821411,-0.04240899905562401,0.08134496957063675,0,0.05371600016951561,0.9883679747581482,-0.1422790139913559,0,-0.07436396926641464,0.14604900777339935,0.9864779710769653,0,0,0.9694340229034424,0,1,0.9736499786376953,0.22099700570106506,0.0562639981508255,0,-0.133419007062912,0.3519369959831238,0.9264659881591797,0,0.1849450021982193,-0.9095609784126282,0.3721489906311035,0,0,0.8825370073318481,0,1,0.9730129837989807,-0.08485099673271179,-0.21458201110363007,0,0.18121901154518127,0.8566740155220032,0.4829789996147156,0,0.142846018075943,-0.5088310241699219,0.8489320278167725,0,0,0.3129810094833374,0,1
