4.000,30,120,65
B0,mixamorig_Hips,-1,0.9983180165290833,-0.023832429200410843,0.052847571671009064,0,0.02192007191479206,0.9990943074226379,0.03647793456912041,0,-0.0536692850291729,-0.03525857999920845,0.9979363083839417,0,-0.003066579345613718,2.0900182723999023,-0.04242384806275368,1
B1,mixamorig_Spine,0,0.9996098279953003,0.022603759542107582,0.016396380960941315,0,-0.022076686844229698,0.9992552995681763,-0.03164677321910858,0,-0.01709916815161705,0.03127262741327286,0.999364972114563,0,0,0.181768000125885,-0.02281700074672699,1
B2,mixamorig_Spine1,1,0.9998342990875244,0.006560086738318205,0.016973594203591347,0,-0.007369873579591513,0.9988163113594055,0.04807250574231148,0,-0.016638165339827538,-0.04818986356258392,0.9986995458602905,0,0,0.21372699737548828,0,1
B3,mixamorig_Spine2,2,0.9998389482498169,0.00797844398766756,0.016087234020233154,0,-0.008743231184780598,0.9988065958023071,0.04805194213986397,0,-0.01568480394780636,-0.04818465933203697,0.9987152218818665,0,0,0.24425899982452393,0,1
B4,mixamorig_Neck,3,0.9944124817848206,-0.08079737424850464,-0.06793566048145294,0,0.10116561502218246,0.913223922252655,0.39469876885414124,0,0.03014979511499405,-0.3993663489818573,0.9162955284118652,0,0,0.27479198575019836,0,1
B5,mixamorig_Head,4,0.9961621761322021,-0.05192870274186134,-0.0704394280910492,0,0.07968460023403168,0.8709763884544373,0.4848179221153259,0,0.03617420792579651,-0.4885704815387726,0.8717737793922424,0,0,0.16217100620269775,0.07993099838495255,1
B6,mixamorig_HeadTop_End,5,1,0,0,0,0,1,0,0,0,0,1,0,0,0.38795700669288635,0.19121700525283813,1
B7,mixamorig_LeftShoulder,3,0.09809572994709015,0.047255441546440125,-0.9940546154975891,0,0.9083673357963562,-0.4122655689716339,0.07004190981388092,0,-0.4065036177635193,-0.9098371267318726,-0.08336684107780457,0,0.11031199991703033,0.24636100232601166,-0.003922999836504459,1
B8,mixamorig_LeftArm,7,0.637620210647583,0.5804884433746338,-0.5064300298690796,0,-0.15220385789871216,0.7393741607666016,0.6558650135993958,0,0.7551642060279846,-0.3411114811897278,0.5597931146621704,0,0,0.2245579957962036,0,1
B9,mixamorig_LeftForeArm,8,0.743841826915741,0.6676179766654968,0.031366802752017975,0,-0.6676129698753357,0.7399863004684448,0.08192379772663116,0,0.03148280456662178,-0.08187879621982574,0.9961450695991516,0,0,0.5647550225257874,0,1
B10,mixamorig_LeftHand,9,0.9514551758766174,-0.23513270914554596,0.1985275149345398,0,0.1658414900302887,0.9352086186408997,0.31279653310775757,0,-0.25920480489730835,-0.26471057534217834,0.9288287162780762,0,0,0.4787989854812622,0,1
B11,mixamorig_LeftHandThumb1,10,0.949292004108429,0.287214994430542,-0.12787500023841858,0,-0.22275499999523163,0.9014719724655151,0.3711189925670624,0,0.221866637468338,-0.3238149881362915,0.9197379946708679,0,-0.04867900162935257,0.05357600003480911,0.025220999494194984,1
B12,mixamorig_LeftHandThumb2,11,0.9478840231895447,-0.31703799962997437,-0.0316849984228611,0,0.3172990083694458,0.9483190178871155,0.003470642725005746,0,0.028946999460458755,-0.013343642465770245,0.9994919896125793,0,-0.0044570001773536205,0.06116199865937233,0,1
B13,mixamorig_LeftHandThumb3,12,0.9646700024604797,-0.26322099566459656,-0.011215000413358212,0,0.2624639868736267,0.9638500213623047,-0.045884642750024796,0,0.022887999191880226,0.04131999984383583,0.9988840222358704,0,0.004881000146269798,0.06747499853372574,0,1
B14,mixamorig_LeftHandThumb4,13,1,0,0,0,0,1,0,0,0,0,1,0,-0.0004239999980200082,0.06289400160312653,0,1
B15,mixamorig_LeftHandIndex1,10,0.9847909808158875,0.17353199422359467,-0.008551999926567078,0,-0.173443004488945,0.9790109992027283,-0.10703100264072418,0,-0.010200999677181244,0.10688699781894684,0.9942190051078796,0,-0.05884300172328949,0.17274999618530273,0.0018599999602884054,1
B16,mixamorig_LeftHandIndex2,15,0.9991880059242249,-0.0398080013692379,-0.0062063573859632015,0,0.03986300155520439,0.954479992389679,0.2955999970436096,0,-0.005843000020831823,-0.2956080138683319,0.9552919864654541,0,-0.00006399999983841553,0.06521599739789963,0,1
B17,mixamorig_LeftHandIndex3,16,0.999779999256134,-0.020910000428557396,-0.0015719999792054296,0,0.020910000428557396,0.9885389804840088,0.14951300621032715,0,-0.0015719999792054296,-0.14951300621032715,0.9887580275535583,0,0.00003300000025774352,0.060885000973939896,0,1
B18,mixamorig_LeftHandIndex4,17,1,0,0,0,0,1,0,0,0,0,1,0,0.00003099999958067201,0.0561010017991066,0,1
B19,mixamorig_LeftHandMiddle1,10,0.9909766316413879,0.13399599492549896,-0.0032560001127421856,0,-0.13023735582828522,0.956866979598999,-0.2596989870071411,0,-0.031683001667261124,0.257779985666275,0.9656839966773987,0,-0.01822900027036667,0.1798350065946579,-0.004403000231832266,1
B20,mixamorig_LeftHandMiddle2,19,0.9990940093994141,-0.04207500070333481,-0.006367357447743416,0,0.04207500070333481,0.9543330073356628,0.2957659959793091,0,-0.0063680000603199005,-0.2957659959793091,0.9552389979362488,0,-0.00003600000127335079,0.07010100036859512,0,1
B21,mixamorig_LeftHandMiddle3,20,0.9997730255126953,-0.0212629996240139,-0.0015979999443516135,0,0.0212629996240139,0.9885389804840088,0.1494619995355606,0,-0.0015983573393896222,-0.1494619995355606,0.9887660145759583,0,-9.999999974752427e-7,0.06479600071907043,0,1
B22,mixamorig_LeftHandMiddle4,21,1,0,0,0,0,1,0,0,0,0,1,0,0.000037999998312443495,0.06110600009560585,0,1
B23,mixamorig_LeftHandRing1,10,0.9924009442329407,0.12304602563381195,-0.0003003941383212805,0,-0.12080755829811096,0.9738800525665283,-0.1922338902950287,0,-0.023362979292869568,0.19080941379070282,0.9813442230224609,0,0.022633999586105347,0.17982600629329681,-0.005657999776303768,1
B24,mixamorig_LeftHandRing2,23,0.999133288860321,-0.0411100797355175,-0.006521002855151892,0,0.04117843881249428,0.9533815383911133,0.29894497990608215,0,-0.00607300316914916,-0.2989543378353119,0.9542482495307922,0,-0.0000670000008540228,0.06434600055217743,0,1
B25,mixamorig_LeftHandRing3,24,0.9997418522834778,-0.02263648808002472,-0.001868438208475709,0,0.022622130811214447,0.9850062131881714,0.17102670669555664,0,-0.002031510230153799,-0.17102469503879547,0.9852643609046936,0,-0.000043000000005122274,0.06067400053143501,0,1
B26,mixamorig_LeftHandRing4,25,1,0,0,0,0,1,0,0,0,0,1,0,0.00011000000085914508,0.05602100118994713,0,1
B27,mixamorig_LeftHandPinky1,10,0.9980649948120117,0.056623999029397964,0.025698000565171242,0,-0.051350999623537064,0.983597993850708,-0.1729106456041336,0,-0.0350673571228981,0.17125600576400757,0.9846019744873047,0,0.05443799868226051,0.15970900654792786,0.0005810000002384186,1
B28,mixamorig_LeftHandPinky2,27,0.9998959898948669,0.0029949999880045652,-0.014138000085949898,0,0.00287564261816442,0.9174933433532715,0.3977406322956085,0,0.014162999577820301,-0.3977396488189697,0.9173889756202698,0,0.00017499999376013875,0.0653420016169548,0,1
B29,mixamorig_LeftHandPinky3,28,0.9993789792060852,-0.034915998578071594,-0.004732999950647354,0,0.03500799834728241,0.9687299728393555,0.2456360012292862,0,-0.003992000129073858,-0.24564999341964722,0.9693499803543091,0,-0.00015300000086426735,0.05291200056672096,0,1
B30,mixamorig_LeftHandPinky4,29,1,0,0,0,0,1,0,0,0,0,1,0,-0.000022000000171829015,0.04824399948120117,0,1
B31,mixamorig_RightShoulder,3,-0.023860758170485497,-0.03507154807448387,0.999099850654602,0,-0.8894068598747253,-0.4555964171886444,-0.03723324090242386,0,0.4564919173717499,-0.8894950151443481,-0.02032271958887577,0,-0.11031199991703033,0.2462729960680008,-0.0032259998843073845,1
B32,mixamorig_RightArm,31,0.5781568884849548,-0.6062734127044678,0.5460423231124878,0,0.178883358836174,0.7471351623535156,0.6401438117027283,0,-0.7960720062255859,-0.2724272608757019,0.5404177904129028,0,0,0.2245579957962036,0,1
B33,mixamorig_RightForeArm,32,0.7741237282752991,-0.6324914693832397,-0.026205088943243027,0,0.6324851512908936,0.7710645794868469,0.07363252341747284,0,-0.026366088539361954,-0.07357487827539444,0.9969414472579956,0,0,0.5652790069580078,0,1
B34,mixamorig_RightHand,33,0.7859676480293274,-0.0673728808760643,-0.6145848631858826,0,-0.10268120467662811,0.9660152196884155,-0.23721152544021606,0,0.609679639339447,0.24954754114151,0.7523398995399475,0,0,0.4784959852695465,0,1
B35,mixamorig_RightHandThumb1,34,0.9753770232200623,-0.2152249962091446,0.0481330007314682,0,0.18746599555015564,0.9240700006484985,0.3330940008163452,0,-0.11616899818181992,-0.315869003534317,0.9416639804840088,0,0.04954399913549423,0.05562499910593033,0.02943599969148636,1
B36,mixamorig_RightHandThumb2,35,0.9549340009689331,0.294607013463974,0.036175359040498734,0,-0.29500699043273926,0.9285759925842285,0.22520799934864044,0,0.03275600075721741,-0.22573000192642212,0.9736390113830566,0,0.006289999932050705,0.0637660026550293,0,1
B37,mixamorig_RightHandThumb3,36,0.9710860252380371,0.23871999979019165,-0.0020743573550134897,0,-0.2381719946861267,0.9693779945373535,0.059835001826286316,0,0.016295000910758972,-0.057610999792814255,0.9982060194015503,0,-0.005853000096976757,0.06679899990558624,0,1
B38,mixamorig_RightHandThumb4,37,1,0,0,0,0,1,0,0,0,0,1,0,-0.00043700000969693065,0.059567999094724655,0,1
B39,mixamorig_RightHandIndex1,34,0.9911361932754517,-0.1327446848154068,0.004993917886167765,0,0.13250310719013214,0.9852652549743652,-0.10812780261039734,0,0.009432867169380188,0.10783129185438156,0.9941243529319763,0,0.05906999856233597,0.17643100023269653,0.0028280001133680344,1
B40,mixamorig_RightHandIndex2,39,0.9988539814949036,0.04656200110912323,0.011064999736845493,0,-0.046000998467206955,0.8702849745750427,0.49039599299430847,0,0.0132039999589324,-0.4903436303138733,0.8714290261268616,0,-0.00003199999991920777,0.06524199992418289,0,1
B41,mixamorig_RightHandIndex3,40,0.9993289709091187,0.03633100166916847,0.0047519998624920845,0,-0.036348000168800354,0.9666456580162048,0.25352534651756287,0,0.004616999998688698,-0.25352799892425537,0.9673169851303101,0,-0.0002519999979995191,0.06072999909520149,0,1
B42,mixamorig_RightHandIndex4,41,1,0,0,0,0,1,0,0,0,0,1,0,0.0002840000088326633,0.05686800181865692,0,1
B43,mixamorig_RightHandMiddle1,34,0.9933270215988159,-0.11530199646949768,0.002744999947026372,0,0.11319900304079056,0.9700930118560791,-0.21472400426864624,0,0.022095000371336937,0.2136020064353943,0.9766709804534912,0,0.017146000638604164,0.18169599771499634,-0.0038469999562948942,1
B44,mixamorig_RightHandMiddle2,43,0.9985899925231934,0.051523998379707336,0.01275699958205223,0,-0.051155999302864075,0.8700500130653381,0.4903019964694977,0,0.014162999577820301,-0.49026334285736084,0.8714590072631836,0,-0.00010800000018207356,0.07110700011253357,0,1
B45,mixamorig_RightHandMiddle3,44,0.9995059967041016,0.031146999448537827,0.00430699996650219,0,-0.031221000477671623,0.9668300151824951,0.2535040080547333,0,0.0037320000119507313,-0.25351300835609436,0.96732497215271,0,-0.00014200000441633165,0.06570599973201752,0,1
B46,mixamorig_RightHandMiddle4,45,1,0,0,0,0,1,0,0,0,0,1,0,0.0002500000118743628,0.0635169968008995,0,1
B47,mixamorig_RightHandRing1,34,0.9958230257034302,-0.09126199781894684,0.002669000066816807,0,0.09130100160837173,0.9954379796981812,-0.027686357498168945,0,-0.00013000000035390258,0.027814358472824097,0.9996129870414734,0,-0.020330000668764114,0.18621300160884857,-0.002478000009432435,1
B48,mixamorig_RightHandRing2,47,0.9987239837646484,0.048549000173807144,0.013896357268095016,0,-0.04912099987268448,0.8701140284538269,0.49039700627326965,0,0.011717000044882298,-0.4904536306858063,0.8713889718055725,0,0.00022400000307243317,0.06470800191164017,0,1
B49,mixamorig_RightHandRing3,48,0.9998180270195007,0.018956642597913742,0.0021619999315589666,0,-0.018884999677538872,0.9671249985694885,0.25360000133514404,0,0.0027169999666512012,-0.2535940110683441,0.9673069715499878,0,0.00007000000186963007,0.05900600180029869,0,1
B50,mixamorig_RightHandRing4,49,1,0,0,0,0,1,0,0,0,0,1,0,-0.00029399999766610563,0.055362001061439514,0,1
B51,mixamorig_RightHandPinky1,34,0.99635249376297,-0.08521480858325958,0.004529717843979597,0,0.08421065658330917,0.9904254674911499,0.10938064754009247,0,-0.013807326555252075,-0.10860050469636917,0.9939892292022705,0,-0.05588499829173088,0.16542500257492065,0.004757000133395195,1
B52,mixamorig_RightHandPinky2,51,0.9985600113868713,0.05231200158596039,0.011915357783436775,0,-0.051426000893116,0.8699060082435608,0.49052900075912476,0,0.015295642428100109,-0.49043500423431396,0.8713433742523193,0,-0.0002570000069681555,0.06404300034046173,0,1
B53,mixamorig_RightHandPinky3,52,0.9993529915809631,0.03547399863600731,0.005903999786823988,0,-0.03581099957227707,0.9666489958763123,0.2535879909992218,0,0.0032889998983591795,-0.2536349892616272,0.9672939777374268,0,-0.00010800000018207356,0.05189799889922142,0,1
B54,mixamorig_RightHandPinky4,53,1,0,0,0,0,1,0,0,0,0,1,0,0.0003640000068116933,0.047272998839616776,0,1
B55,mixamorig_LeftUpLeg,0,-0.9434898495674133,-0.08505856245756149,0.3203003704547882,0,0.1757446974515915,-0.9478228688240051,0.2659789025783539,0,0.28096479177474976,0.3072395622730255,0.9092096090316772,0,0.16947999596595764,-0.10094799846410751,0.0010219999821856618,1
B56,mixamorig_LeftLeg,55,0.9952086806297302,0.09723075479269028,0.010251817293465137,0,-0.08804548531770706,0.9368735551834106,-0.3384017050266266,0,-0.04250840097665787,0.335877388715744,0.9409456253051758,0,0,0.969281017780304,0,1
B57,mixamorig_LeftFoot,56,0.9832963943481445,-0.17518022656440735,-0.04939654842019081,0,0.1147412583231926,0.3859401345252991,0.9153600335121155,0,-0.14128948748111725,-0.905738115310669,0.39959385991096497,0,0,0.8826940059661865,0,1
B58,mixamorig_LeftToeBase,57,0.9890819787979126,0,0.14736899733543396,0,-0.06929700076580048,0.8825470209121704,0.4650900065898895,0,-0.13006000220775604,-0.470223993062973,0.8729109764099121,0,0,0.3161810040473938,0,1
B59,mixamorig_LeftToe_End,58,1,0,0,0,0,1,0,0,0,0,1,0,0,0.12122800201177597,0,1
B60,mixamorig_RightUpLeg,0,-0.9582337141036987,-0.030968578532338142,-0.2843044698238373,0,-0.04380877688527107,-0.9664904475212097,0.2529354691505432,0,-0.282610684633255,0.2548268735408783,0.9247668385505676,0,-0.16947999596595764,-0.10094799846410751,0.008740999735891819,1
B61,mixamorig_RightLeg,60,0.9724255800247192,-0.19661229848861694,-0.12542614340782166,0,0.14514461159706116,0.9311907291412354,-0.33438870310783386,0,0.18254071474075317,0.30696365237236023,0.9340510368347168,0,0,0.9694340229034424,0,1
B62,mixamorig_RightFoot,61,0.9879555702209473,0.15468110144138336,0.004121983889490366,0,-0.06395658850669861,0.383949875831604,0.921135663986206,0,0.14090000092983246,-0.9103052616119385,0.38921862840652466,0,0,0.8825370073318481,0,1
B63,mixamorig_RightToeBase,62,0.9890360236167908,0,-0.14767499268054962,0,0.0701383575797081,0.8800110220909119,0.46974635124206543,0,0.12995600700378418,-0.4749540090560913,0.8703619837760925,0,0,0.3129810094833374,0,1
B64,mixamorig_RightToe_End,63,1,0,0,0,0,1,0,0,0,0,1,0,0,0.12095499783754349,0,1
@52,0,1,2,3,4,5,7,8,9,10,11,12,13,15,16,17,19,20,21,23,24,25,27,28,29,31,32,33,34,35,36,37,39,40,41,43,44,45,47,48,49,51,52,53,55,56,57,58,60,61,62,63
K0.000,0.9983320236206055,-0.026569999754428864,0.051263999193906784,0,0.024706000462174416,0.9990220069885254,0.03666900098323822,0,-0.05218899995088577,-0.03534200042486191,0.9980120062828064,0,-0.002739999908953905,2.088732957839966,-0.01760599948465824,1,0.9997029900550842,0.020433999598026276,0.01331000030040741,0,-0.020008999854326248,0.9993100166320801,-0.031304001808166504,0,-0.013939999975264072,0.03102800063788891,0.9994210004806519,0,0,0.181768000125885,-0.02281700074672699,1,0.9998869895935059,0.005018000025302172,0.014182000420987606,0,-0.005696999840438366,0.9988210201263428,0.04820999875664711,0,-0.013922999612987041,-0.048285000026226044,0.9987369775772095,0,0,0.21372699737548828,0,1,0.9998859763145447,0.0063680000603199005,0.013701999559998512,0,-0.007021999917924404,0.9988110065460205,0.048243001103401184,0,-0.013379000127315521,-0.048333000391721725,0.9987419843673706,0,0,0.24425899982452393,0,1,0.989471971988678,-0.11109499633312225,-0.09275300055742264,0,0.13775600492954254,0.9194530248641968,0.36827901005744934,0,0.04436799883842468,-0.37717899680137634,0.9250770211219788,0,0,0.27479198575019836,0,1,0.9907919764518738,-0.08614300191402435,-0.10445799678564072,0,0.13010500371456146,0.8193100094795227,0.5583940148353577,0,0.037480998784303665,-0.5668429732322693,0.8229730129241943,0,0,0.16217100620269775,0.07993099838495255,1,0.10861700028181076,0.049483999609947205,-0.9928510189056396,0,0.886601984500885,-0.4565359950065613,0.07423900067806244,0,-0.4495989978313446,-0.8883280158042908,-0.09346000105142593,0,0.11031199991703033,0.24636100232601166,-0.003922999836504459,1,0.7208870053291321,0.48533400893211365,-0.49474599957466125,0,-0.12292099744081497,0.7920830249786377,0.5979089736938477,0,0.6820650100708008,-0.3702099919319153,0.6306599974632263,0,0,0.2245579957962036,0,1,0.7150670289993286,0.6981850266456604,0.034898001700639725,0,-0.6981790065765381,0.710777997970581,0.08567400276660919,0,0.03501199930906296,-0.08562800288200378,0.9957119822502136,0,0,0.5647550225257874,0,1,0.9649239778518677,-0.23544900119304657,0.11612199991941452,0,0.20688900351524353,0.9542809724807739,0.21573999524116516,0,-0.1616089940071106,-0.18414899706840515,0.9695209860801697,0,0,0.4787989854812622,0,1,0.949292004108429,0.287214994430542,-0.12787500023841858,0,-0.22275499999523163,0.9014719724655151,0.3711180090904236,0,0.22186599671840668,-0.3238149881362915,0.9197390079498291,0,-0.04867900162935257,0.05357600003480911,0.025220999494194984,1,0.9478830099105835,-0.31703799962997437,-0.0316849984228611,0,0.3172999918460846,0.9483190178871155,0.003470000112429261,0,0.028946999460458755,-0.01334299985319376,0.9994919896125793,0,-0.0044570001773536205,0.06116199865937233,0,1,0.9646700024604797,-0.26322099566459656,-0.011215000413358212,0,0.2624639868736267,0.9638500213623047,-0.04588399827480316,0,0.022887999191880226,0.04131999984383583,0.9988840222358704,0,0.004881000146269798,0.06747499853372574,0,1,0.9847909808158875,0.17353199422359467,-0.008551999926567078,0,-0.173443004488945,0.9790109992027283,-0.10703100264072418,0,-0.010200999677181244,0.10688699781894684,0.9942190051078796,0,-0.05884300172328949,0.17274999618530273,0.0018599999602884054,1,0.9991880059242249,-0.0398080013692379,-0.006206999998539686,0,0.03986300155520439,0.954479992389679,0.2955999970436096,0,-0.005843000020831823,-0.2956070005893707,0.9552919864654541,0,-0.00006399999983841553,0.06521599739789963,0,1,0.999779999256134,-0.02090900018811226,-0.0015719999792054296,0,0.02090900018811226,0.9885389804840088,0.14951300621032715,0,-0.0015719999792054296,-0.14951300621032715,0.9887580275535583,0,0.00003300000025774352,0.060885000973939896,0,1,0.9909759759902954,0.13399599492549896,-0.0032560001127421856,0,-0.13023699820041656,0.956866979598999,-0.2596989870071411,0,-0.031683001667261124,0.257779985666275,0.9656839966773987,0,-0.01822900027036667,0.1798350065946579,-0.004403000231832266,1,0.9990940093994141,-0.042075999081134796,-0.0063680000603199005,0,0.042075999081134796,0.9543330073356628,0.2957659959793091,0,-0.0063680000603199005,-0.2957659959793091,0.9552389979362488,0,-0.00003600000127335079,0.07010100036859512,0,1,0.9997730255126953,-0.0212629996240139,-0.0015979999443516135,0,0.0212629996240139,0.9885389804840088,0.1494619995355606,0,-0.0015979999443516135,-0.1494619995355606,0.9887660145759583,0,0,0.06479600071907043,0,1,0.9934579730033875,0.11419299989938736,0.0010560000082477927,0,-0.11309000104665756,0.98506098985672,-0.12986500561237335,0,-0.015869999304413795,0.12889599800109863,0.9915310144424438,0,0.022633999586105347,0.17982600629329681,-0.005657999776303768,1,0.9991139769554138,-0.041561998426914215,-0.0066639999859035015,0,0.0416329987347126,0.9523620009422302,0.30211400985717773,0,-0.006209999788552523,-0.3021239936351776,0.9532480239868164,0,-0.0000670000008540228,0.06434600055217743,0,1,0.9996730089187622,-0.025450000539422035,-0.002348999958485365,0,0.02543099969625473,0.9813169836997986,0.19070999324321747,0,-0.0025480000767856836,-0.1907069981098175,0.9816439747810364,0,-0.000043000000005122274,0.06067400053143501,0,1,0.9980649948120117,0.05662300065159798,0.025698000565171242,0,-0.051350999623537064,0.983597993850708,-0.17291100323200226,0,-0.03506699949502945,0.17125700414180756,0.9846019744873047,0,0.05443799868226051,0.15970900654792786,0.0005810000002384186,1,0.9998959898948669,0.0029949999880045652,-0.014138000085949898,0,0.0028750000055879354,0.9174929857254028,0.3977409899234772,0,0.014162999577820301,-0.3977400064468384,0.9173889756202698,0,0.00017499999376013875,0.0653420016169548,0,1,0.9993789792060852,-0.034915998578071594,-0.004732999950647354,0,0.03500799834728241,0.9687299728393555,0.2456360012292862,0,-0.003992000129073858,-0.24564899504184723,0.9693509936332703,0,-0.00015300000086426735,0.05291200056672096,0,1,-0.01879199966788292,-0.03291799873113632,0.9992809891700745,0,-0.9051709771156311,-0.4239169955253601,-0.030987000092864037,0,0.4246320128440857,-0.9051030278205872,-0.021831000223755836,0,-0.11031199991703033,0.2462729960680008,-0.0032259998843073845,1,0.5522199869155884,-0.6519140005111694,0.5196740031242371,0,0.2013079971075058,0.7091580033302307,0.6757000088691711,0,-0.8090289831161499,-0.2685199975967407,0.5228469967842102,0,0,0.2245579957962036,0,1,0.7924000024795532,-0.6095269918441772,-0.024077000096440315,0,0.6095209717750549,0.7895879745483398,0.07095900177955627,0,-0.024240000173449516,-0.0709030032157898,0.9971889853477478,0,0,0.5652790069580078,0,1,0.8198580145835876,-0.03845600038766861,-0.5712730288505554,0,-0.02912900038063526,0.9936479926109314,-0.10869400203227997,0,0.5718250274658203,0.10575400292873383,0.8135309815406799,0,0,0.4784959852695465,0,1,0.9753770232200623,-0.2152249962091446,0.0481330007314682,0,0.18746599555015564,0.9240700006484985,0.3330940008163452,0,-0.11616899818181992,-0.315869003534317,0.9416639804840088,0,0.04954399913549423,0.05562499910593033,0.02943599969148636,1,0.9549340009689331,0.294607013463974,0.03617500141263008,0,-0.29500699043273926,0.9285749793052673,0.22520799934864044,0,0.03275600075721741,-0.22573000192642212,0.9736390113830566,0,0.006289999932050705,0.0637660026550293,0,1,0.9710860252380371,0.23871999979019165,-0.0020749999675899744,0,-0.2381719946861267,0.9693779945373535,0.05983399972319603,0,0.016295000910758972,-0.05761000141501427,0.9982060194015503,0,-0.005853000096976757,0.06679899990558624,0,1,0.9946759939193726,-0.10303299874067307,0.001690999954007566,0,0.1025800034403801,0.9884740114212036,-0.11133699864149094,0,0.009800000116229057,0.11091800034046173,0.9937809705734253,0,0.05906999856233597,0.17643100023269653,0.0028280001133680344,1,0.9988539814949036,0.04656200110912323,0.011064999736845493,0,-0.046000998467206955,0.8702849745750427,0.49039599299430847,0,0.0132039999589324,-0.49034300446510315,0.871429979801178,0,-0.00003199999991920777,0.06524199992418289,0,1,0.9993289709091187,0.03633100166916847,0.0047519998624920845,0,-0.036348000168800354,0.9666460156440735,0.2535260021686554,0,0.004616999998688698,-0.25352799892425537,0.9673169851303101,0,-0.0002519999979995191,0.06072999909520149,0,1,0.9933270215988159,-0.11530199646949768,0.0027459999546408653,0,0.11319900304079056,0.9700930118560791,-0.21472400426864624,0,0.022095000371336937,0.2136020064353943,0.9766709804534912,0,0.017146000638604164,0.18169599771499634,-0.0038469999562948942,1,0.9985899925231934,0.05152500048279762,0.01275699958205223,0,-0.051155999302864075,0.8700500130653381,0.4903019964694977,0,0.014163999818265438,-0.4902629852294922,0.8714590072631836,0,-0.00010800000018207356,0.07110700011253357,0,1,0.9995059967041016,0.031146999448537827,0.00430699996650219,0,-0.031221000477671623,0.9668310284614563,0.2535029947757721,0,0.0037320000119507313,-0.25351300835609436,0.96732497215271,0,-0.00014200000441633165,0.06570599973201752,0,1,0.9958230257034302,-0.09126199781894684,0.002669000066816807,0,0.09130100160837173,0.9954379796981812,-0.02768700011074543,0,-0.00013099999341648072,0.027814999222755432,0.9996129870414734,0,-0.020330000668764114,0.18621300160884857,-0.002478000009432435,1,0.9987239837646484,0.048549000173807144,0.013895999640226364,0,-0.04912099987268448,0.8701140284538269,0.49039700627326965,0,0.011717000044882298,-0.4904539883136749,0.8713889718055725,0,0.00022400000307243317,0.06470800191164017,0,1,0.9998180270195007,0.018957000225782394,0.0021619999315589666,0,-0.018884999677538872,0.9671249985694885,0.25360000133514404,0,0.0027169999666512012,-0.2535940110683441,0.9673069715499878,0,0.00007000000186963007,0.05900600180029869,0,1,0.9964420199394226,-0.08415199816226959,0.004602999892085791,0,0.08299499750137329,0.9893059730529785,0.119937002658844,0,-0.014646000228822231,-0.11912800371646881,0.9927710294723511,0,-0.05588499829173088,0.16542500257492065,0.004757000133395195,1,0.9985600113868713,0.05231200158596039,0.01191600039601326,0,-0.051426000893116,0.8699060082435608,0.49052900075912476,0,0.015294999815523624,-0.49043500423431396,0.8713430166244507,0,-0.0002570000069681555,0.06404300034046173,0,1,0.9993529915809631,0.03547399863600731,0.005903999786823988,0,-0.03581099957227707,0.9666489958763123,0.2535879909992218,0,0.0032889998983591795,-0.2536349892616272,0.9672939777374268,0,-0.00010800000018207356,0.05189799889922142,0,1,-0.9438959956169128,-0.08755999803543091,0.3184249997138977,0,0.17616699635982513,-0.9490640163421631,0.26123300194740295,0,0.2793320119380951,0.30267199873924255,0.9112430214881897,0,0.16947999596595764,-0.10094799846410751,0.0010219999821856618,1,0.9944149851799011,0.10485800355672836,0.01197499968111515,0,-0.09393800050020218,0.9311059713363647,-0.35244500637054443,0,-0.048106998205184937,0.3493509888648987,0.9357560276985168,0,0,0.969281017780304,0,1,0.9831759929656982,-0.17518900334835052,-0.05170400068163872,0,0.1140580028295517,0.36772599816322327,0.9229130148887634,0,-0.14267100393772125,-0.9132840037345886,0.38152098655700684,0,0,0.8826940059661865,0,1,0.9890819787979126,0,0.14736899733543396,0,-0.06929700076580048,0.8825470209121704,0.4650900065898895,0,-0.13006000220775604,-0.470223993062973,0.8729109764099121,0,0,0.3161810040473938,0,1,-0.9568439722061157,-0.022012999281287193,-0.28976601362228394,0,-0.05181900039315224,-0.9682210087776184,0.24466800689697266,0,-0.28594300150871277,0.24912500381469727,0.9252960085868835,0,-0.16947999596595764,-0.10094799846410751,0.008740999735891819,1,0.9759730100631714,-0.1820179969072342,-0.11977700144052505,0,0.13008999824523926,0.9277390241622925,-0.349824994802475,0,0.17479699850082397,0.32583799958229065,0.9291260242462158,0,0,0.9694340229034424,0,1,0.9879819750785828,0.15456299483776093,0.0013589999871328473,0,-0.05819199979305267,0.3637959957122803,0.9296590089797974,0,0.1431960016489029,-0.9185659885406494,0.36841800808906555,0,0,0.8825370073318481,0,1,0.9890360236167908,0,-0.14767499268054962,0,0.07013899832963943,0.8800100088119507,0.46974700689315796,0,0.12995600700378418,-0.4749549925327301,0.8703619837760925,0,0,0.3129810094833374,0,1
K0.033,0.9983320236206055,-0.02625499665737152,0.05142800137400627,0,0.024383995682001114,0.9990289807319641,0.036685001105070114,0,-0.052340999245643616,-0.03536900132894516,0.9980030059814453,0,-0.0028370008803904057,2.0885848999023438,-0.023014051839709282,1,0.9996880292892456,0.020836003124713898,0.01374700479209423,0,-0.02039700374007225,0.9993020296096802,-0.03130900114774704,0,-0.01439000479876995,0.031018000096082687,0.9994149804115295,0,0,0.181768000125885,-0.02281700074672699,1,0.9998800158500671,0.005255002528429031,0.014583003707230091,0,-0.005952002480626106,0.9988189935684204,0.04821600019931793,0,-0.01431200373917818,-0.04829699918627739,0.9987300038337708,0,0,0.21372699737548828,0,1,0.999879002571106,0.00661200238391757,0.014045003801584244,0,-0.007283002138137817,0.9988080263137817,0.048259999603033066,0,-0.013709004037082195,-0.04835699871182442,0.9987360239028931,0,0,0.24425899982452393,0,1,0.9900540113449097,-0.10794596374034882,-0.09022197127342224,0,0.13404695689678192,0.9184790253639221,0.37206003069877625,0,0.042704980820417404,-0.3804530203342438,0.9238139986991882,0,0,0.27479198575019836,0,1,0.9913529753684998,-0.08355496823787689,-0.10118196159601212,0,0.12564395368099213,0.826831042766571,0.5482369065284729,0,0.037852004170417786,-0.5562089085578918,0.8301800489425659,0,0,0.16217100620269775,0.07993099838495255,1,0.10791699588298798,0.049323998391628265,-0.9929360151290894,0,0.8887450098991394,-0.45236894488334656,0.07412099838256836,0,-0.4455169439315796,-0.8904659748077393,-0.0926549956202507,0,0.11031199991703033,0.24636100232601166,-0.003922999836504459,1,0.7127678990364075,0.49580812454223633,-0.49612098932266235,0,-0.12726104259490967,0.7870059609413147,0.6036770343780518,0,0.6897580623626709,-0.36714497208595276,0.624049961566925,0,0,0.2245579957962036,0,1,0.720007061958313,0.6931189298629761,0.03429199382662773,0,-0.6931139230728149,0.7157930731773376,0.085052989423275,0,0.034405991435050964,-0.08500698953866959,0.9957860112190247,0,0,0.5647550225257874,0,1,0.9647679924964905,-0.22678792476654053,0.13338015973567963,0,0.19202587008476257,0.9535030126571655,0.2322891652584076,0,-0.17985817790031433,-0.19849315285682678,0.9634579420089722,0,0,0.4787989854812622,0,1,0.949292004108429,0.287214994430542,-0.12787500023841858,0,-0.22275499999523163,0.9014719724655151,0.3711189925670624,0,0.22186599671840668,-0.3238149881362915,0.9197390079498291,0,-0.04867900162935257,0.05357600003480911,0.025220999494194984,1,0.9478830099105835,-0.31703799962997437,-0.03168400004506111,0,0.3172999918460846,0.9483190178871155,0.003470999887213111,0,0.028946999460458755,-0.01334299985319376,0.9994919896125793,0,-0.0044570001773536205,0.06116199865937233,0,1,0.9646700024604797,-0.26322099566459656,-0.011215000413358212,0,0.2624639868736267,0.9638500213623047,-0.04588399827480316,0,0.022887999191880226,0.04131900146603584,0.9988840222358704,0,0.004881000146269798,0.06747499853372574,0,1,0.9847909808158875,0.17353199422359467,-0.008551999926567078,0,-0.173443004488945,0.9790109992027283,-0.10703100264072418,0,-0.010200999677181244,0.10688699781894684,0.9942190051078796,0,-0.05884300172328949,0.17274999618530273,0.0018599999602884054,1,0.9991880059242249,-0.039806999266147614,-0.006206999998539686,0,0.039861999452114105,0.954479992389679,0.2955999970436096,0,-0.005843000020831823,-0.2956070005893707,0.9552919864654541,0,-0.00006399999983841553,0.06521599739789963,0,1,0.999779999256134,-0.020910000428557396,-0.0015719999792054296,0,0.020910000428557396,0.9885389804840088,0.14951300621032715,0,-0.0015719999792054296,-0.14951300621032715,0.9887580275535583,0,0.00003300000025774352,0.060885000973939896,0,1,0.9909759759902954,0.13399599492549896,-0.0032560001127421856,0,-0.13023699820041656,0.956866979598999,-0.2596989870071411,0,-0.031683001667261124,0.257779985666275,0.9656839966773987,0,-0.01822900027036667,0.1798350065946579,-0.004403000231832266,1,0.9990940093994141,-0.04207500070333481,-0.0063680000603199005,0,0.04207500070333481,0.954334020614624,0.2957650125026703,0,-0.0063669998198747635,-0.2957650125026703,0.9552389979362488,0,-0.00003600000127335079,0.07010100036859512,0,1,0.9997730255126953,-0.021261999383568764,-0.0015979999443516135,0,0.021261999383568764,0.9885389804840088,0.1494619995355606,0,-0.0015979999443516135,-0.1494619995355606,0.9887660145759583,0,0,0.06479600071907043,0,1,0.9933769702911377,0.11489200592041016,0.0009699990623630583,0,-0.11371400952339172,0.9843270182609558,-0.1347910612821579,0,-0.01644100621342659,0.13378804922103882,0.9908739924430847,0,0.022633999586105347,0.17982600629329681,-0.005657999776303768,1,0.999114990234375,-0.041526999324560165,-0.006651999894529581,0,0.04159700125455856,0.95244300365448,0.30186599493026733,0,-0.006200000178068876,-0.3018749952316284,0.9533270001411438,0,-0.0000670000008540228,0.06434600055217743,0,1,0.9996790289878845,-0.02522999793291092,-0.00230999942868948,0,0.025210998952388763,0.9816219806671143,0.18916498124599457,0,-0.002504999516531825,-0.1891629844903946,0.9819430112838745,0,-0.000043000000005122274,0.06067400053143501,0,1,0.9980649948120117,0.056623999029397964,0.025698000565171242,0,-0.051350999623537064,0.983597993850708,-0.17291100323200226,0,-0.03506699949502945,0.17125600576400757,0.9846019744873047,0,0.05443799868226051,0.15970900654792786,0.0005810000002384186,1,0.9998959898948669,0.0029949999880045652,-0.01413699984550476,0,0.0028750000055879354,0.917493999004364,0.3977400064468384,0,0.014162000268697739,-0.3977389931678772,0.9173889756202698,0,0.00017499999376013875,0.0653420016169548,0,1,0.9993789792060852,-0.034915998578071594,-0.004732999950647354,0,0.03500799834728241,0.9687299728393555,0.2456360012292862,0,-0.003990999888628721,-0.24564999341964722,0.9693499803543091,0,-0.00015300000086426735,0.05291200056672096,0,1,-0.019421007484197617,-0.03313400223851204,0.9992619752883911,0,-0.9035400152206421,-0.42732706665992737,-0.031730011105537415,0,0.4280630648136139,-0.9034900069236755,-0.02163899876177311,0,-0.11031199991703033,0.2462729960680008,-0.0032259998843073845,1,0.5543689727783203,-0.6481669545173645,0.5220670700073242,0,0.20142599940299988,0.7131220698356628,0.6714789271354675,0,-0.807528018951416,-0.26708897948265076,0.5258910655975342,0,0,0.2245579957962036,0,1,0.7884989380836487,-0.614547073841095,-0.024531004950404167,0,0.6145400404930115,0.7856349349021912,0.07154300808906555,0,-0.024694005027413368,-0.07148700952529907,0.9971359968185425,0,0,0.5652790069580078,0,1,0.8176440000534058,-0.04119102656841278,-0.5742490887641907,0,-0.03507807478308678,0.9920200109481812,-0.12110413610935211,0,0.5746540427207947,0.11916414648294449,0.8096739649772644,0,0,0.4784959852695465,0,1,0.9753770232200623,-0.2152249962091446,0.0481330007314682,0,0.18746599555015564,0.9240700006484985,0.3330940008163452,0,-0.11616899818181992,-0.315869003534317,0.9416639804840088,0,0.04954399913549423,0.05562499910593033,0.02943599969148636,1,0.9549340009689331,0.294607013463974,0.03617599979043007,0,-0.29500699043273926,0.9285759925842285,0.22520799934864044,0,0.03275600075721741,-0.22573000192642212,0.9736390113830566,0,0.006289999932050705,0.0637660026550293,0,1,0.9710860252380371,0.23871999979019165,-0.002073999959975481,0,-0.2381719946861267,0.9693779945373535,0.059835001826286316,0,0.016295000910758972,-0.057610999792814255,0.9982060194015503,0,-0.005853000096976757,0.06679899990558624,0,1,0.9946759939193726,-0.10303300619125366,0.0016910008853301406,0,0.1025800108909607,0.9884740114212036,-0.11133699864149094,0,0.009800000116229057,0.11091700196266174,0.9937809705734253,0,0.05906999856233597,0.17643100023269653,0.0028280001133680344,1,0.9988539814949036,0.04656200110912323,0.011064000427722931,0,-0.046000998467206955,0.8702849745750427,0.49039599299430847,0,0.013205000199377537,-0.49034300446510315,0.871429979801178,0,-0.00003199999991920777,0.06524199992418289,0,1,0.9993289709091187,0.03633100166916847,0.0047519998624920845,0,-0.036348000168800354,0.9666460156440735,0.2535260021686554,0,0.004616999998688698,-0.25352799892425537,0.9673169851303101,0,-0.0002519999979995191,0.06072999909520149,0,1,0.9933270215988159,-0.11530199646949768,0.0027459999546408653,0,0.11319900304079056,0.9700930118560791,-0.21472400426864624,0,0.022095000371336937,0.2136020064353943,0.9766709804534912,0,0.017146000638604164,0.18169599771499634,-0.0038469999562948942,1,0.9985899925231934,0.051523998379707336,0.01275699958205223,0,-0.05115500092506409,0.8700500130653381,0.4903019964694977,0,0.014163999818265438,-0.4902629852294922,0.8714590072631836,0,-0.00010800000018207356,0.07110700011253357,0,1,0.9995059967041016,0.031146999448537827,0.00430699996650219,0,-0.031221000477671623,0.9668310284614563,0.2535040080547333,0,0.0037320000119507313,-0.25351300835609436,0.96732497215271,0,-0.00014200000441633165,0.06570599973201752,0,1,0.9958230257034302,-0.09126199781894684,0.002669000066816807,0,0.09130100160837173,0.9954379796981812,-0.027685999870300293,0,-0.0001300000149058178,0.027814000844955444,0.9996129870414734,0,-0.020330000668764114,0.18621300160884857,-0.002478000009432435,1,0.9987239837646484,0.048549000173807144,0.013895999640226364,0,-0.04912099987268448,0.8701140284538269,0.49039700627326965,0,0.011717000044882298,-0.4904539883136749,0.8713880181312561,0,0.00022400000307243317,0.06470800191164017,0,1,0.9998180270195007,0.018955999985337257,0.0021619999315589666,0,-0.018884999677538872,0.9671249985694885,0.25360000133514404,0,0.0027169999666512012,-0.2535940110683441,0.9673069715499878,0,0.00007000000186963007,0.05900600180029869,0,1,0.9964240193367004,-0.08437500149011612,0.004586999770253897,0,0.0832509994506836,0.989549994468689,0.11772598326206207,0,-0.014471999369561672,-0.11692298203706741,0.9930359721183777,0,-0.05588499829173088,0.16542500257492065,0.004757000133395195,1,0.9985600113868713,0.052312999963760376,0.01191600039601326,0,-0.051426000893116,0.8699060082435608,0.49052900075912476,0,0.015294999815523624,-0.49043500423431396,0.8713439702987671,0,-0.0002570000069681555,0.06404300034046173,0,1,0.9993529915809631,0.03547399863600731,0.005903999786823988,0,-0.03581099957227707,0.9666489958763123,0.2535879909992218,0,0.0032889998983591795,-0.2536360025405884,0.9672939777374268,0,-0.00010800000018207356,0.05189799889922142,0,1,-0.944445013999939,-0.08729499578475952,0.316864013671875,0,0.1761070042848587,-0.9484149813652039,0.2636200189590454,0,0.2775059938430786,0.30477702617645264,0.9110990166664124,0,0.16947999596595764,-0.10094799846410751,0.0010219999821856618,1,0.9944379925727844,0.10445099323987961,0.01352401077747345,0,-0.09304999560117722,0.9314370155334473,-0.3518050014972687,0,-0.049343008548021317,0.3485899865627289,0.9359760284423828,0,0,0.969281017780304,0,1,0.9831900000572205,-0.17520999908447266,-0.05137699469923973,0,0.11422199755907059,0.370682030916214,0.9217100143432617,0,-0.1424490064382553,-0.9120839834213257,0.38446304202079773,0,0,0.8826940059661865,0,1,0.9890819787979126,0,0.14736899733543396,0,-0.06929700076580048,0.8825470209121704,0.4650900065898895,0,-0.13006000220775604,-0.470223993062973,0.8729109764099121,0,0,0.3161810040473938,0,1,-0.9568520188331604,-0.02373201586306095,-0.2896049916744232,0,-0.05098099261522293,-0.9674890041351318,0.2477230280637741,0,-0.28606799244880676,0.2517990171909332,0.924534022808075,0,-0.16947999596595764,-0.10094799846410751,0.008740999735891819,1,0.9754760265350342,-0.1842460185289383,-0.12041400372982025,0,0.13207201659679413,0.9276099801063538,-0.34942299127578735,0,0.1760770082473755,0.3249500095844269,0.929194986820221,0,0,0.9694340229034424,0,1,0.9880610108375549,0.1540440022945404,0.0023880095686763525,0,-0.059393011033535004,0.36656203866004944,0.9284960031509399,0,0.14215397834777832,-0.9175530076026917,0.3713350296020508,0,0,0.8825370073318481,0,1,0.9890360236167908,0,-0.14767499268054962,0,0.07013899832963943,0.8800100088119507,0.46974700689315796,0,0.12995600700378418,-0.4749540090560913,0.8703619837760925,0,0,0.3129810094833374,0,1
